1, 6, 428, 0, 46, 42, 1, -1, -1, -1
1, 7, 405, 194, 26, 45, 1, -1, -1, -1
1, 8, 425, 197, 34, 47, 1, -1, -1, -1
1, 3, 401, 176, 31, 47, 1, -1, -1, -1
1, 4, 425, 178, 30, 48, 1, -1, -1, -1
1, 11, 334, 189, 20, 52, 1, -1, -1, -1
1, 1, 392, 283, 61, 71, 1, -1, -1, -1
1, 9, 379, 175, 29, 54, 1, -1, -1, -1
1, 10, 338, 172, 19, 18, 1, -1, -1, -1
2, 6, 409, 0, 55, 39, 1, -1, -1, -1
2, 7, 404, 194, 27, 44, 1, -1, -1, -1
2, 8, 426, 197, 33, 45, 1, -1, -1, -1
2, 3, 400, 176, 32, 47, 1, -1, -1, -1
2, 4, 426, 179, 30, 47, 1, -1, -1, -1
2, 11, 334, 189, 19, 53, 1, -1, -1, -1
2, 1, 392, 283, 60, 70, 1, -1, -1, -1
2, 9, 379, 175, 28, 55, 1, -1, -1, -1
2, 10, 338, 173, 19, 16, 1, -1, -1, -1
3, 6, 416, 0, 46, 53, 1, -1, -1, -1
3, 7, 404, 194, 27, 44, 1, -1, -1, -1
3, 8, 428, 197, 31, 42, 1, -1, -1, -1
3, 3, 401, 176, 31, 48, 1, -1, -1, -1
3, 4, 427, 179, 29, 46, 1, -1, -1, -1
3, 11, 335, 189, 19, 53, 1, -1, -1, -1
3, 1, 392, 283, 60, 70, 1, -1, -1, -1
3, 9, 378, 175, 29, 55, 1, -1, -1, -1
3, 10, 338, 172, 19, 17, 1, -1, -1, -1
4, 6, 393, 42, 30, 93, 1, -1, -1, -1
4, 7, 405, 194, 26, 44, 1, -1, -1, -1
4, 8, 426, 198, 33, 48, 1, -1, -1, -1
4, 3, 401, 176, 31, 48, 1, -1, -1, -1
4, 4, 427, 179, 29, 47, 1, -1, -1, -1
4, 11, 334, 189, 19, 52, 1, -1, -1, -1
4, 1, 393, 285, 59, 68, 1, -1, -1, -1
4, 9, 379, 175, 29, 55, 1, -1, -1, -1
4, 10, 338, 173, 19, 16, 1, -1, -1, -1
5, 6, 391, 181, 23, 32, 1, -1, -1, -1
5, 7, 404, 193, 28, 45, 1, -1, -1, -1
5, 8, 427, 197, 32, 45, 1, -1, -1, -1
5, 3, 401, 177, 31, 47, 1, -1, -1, -1
5, 4, 428, 178, 28, 45, 1, -1, -1, -1
5, 11, 335, 185, 19, 57, 1, -1, -1, -1
5, 1, 393, 284, 59, 69, 1, -1, -1, -1
5, 9, 378, 182, 28, 52, 1, -1, -1, -1
5, 10, 338, 171, 18, 17, 1, -1, -1, -1
6, 6, 377, 193, 36, 49, 1, -1, -1, -1
6, 7, 401, 195, 31, 42, 1, -1, -1, -1
6, 8, 425, 197, 34, 47, 1, -1, -1, -1
6, 3, 414, 176, 18, 21, 1, -1, -1, -1
6, 4, 427, 178, 29, 45, 1, -1, -1, -1
6, 11, 334, 190, 19, 51, 1, -1, -1, -1
6, 1, 392, 284, 60, 69, 1, -1, -1, -1
6, 9, 378, 194, 21, 42, 1, -1, -1, -1
6, 10, 337, 175, 15, 16, 1, -1, -1, -1
7, 6, 328, 199, 25, 77, 1, -1, -1, -1
7, 7, 405, 194, 26, 43, 1, -1, -1, -1
7, 8, 427, 197, 32, 43, 1, -1, -1, -1
7, 3, 400, 176, 32, 48, 1, -1, -1, -1
7, 4, 428, 178, 28, 46, 1, -1, -1, -1
7, 11, 334, 190, 18, 54, 1, -1, -1, -1
7, 1, 392, 283, 60, 70, 1, -1, -1, -1
7, 9, 378, 174, 30, 59, 1, -1, -1, -1
7, 10, 338, 174, 19, 15, 1, -1, -1, -1
8, 6, 131, 182, 82, 47, 1, -1, -1, -1
8, 7, 400, 194, 32, 43, 1, -1, -1, -1
8, 8, 425, 197, 34, 43, 1, -1, -1, -1
8, 3, 399, 176, 33, 51, 1, -1, -1, -1
8, 4, 427, 178, 29, 46, 1, -1, -1, -1
8, 11, 334, 190, 19, 52, 1, -1, -1, -1
8, 1, 392, 283, 60, 70, 1, -1, -1, -1
8, 9, 377, 175, 30, 59, 1, -1, -1, -1
8, 10, 338, 173, 19, 16, 1, -1, -1, -1
9, 6, 138, 177, 32, 24, 1, -1, -1, -1
9, 7, 401, 194, 30, 43, 1, -1, -1, -1
9, 8, 424, 197, 35, 48, 1, -1, -1, -1
9, 3, 399, 176, 33, 52, 1, -1, -1, -1
9, 4, 426, 179, 30, 46, 1, -1, -1, -1
9, 11, 335, 189, 18, 54, 1, -1, -1, -1
9, 1, 392, 283, 60, 70, 1, -1, -1, -1
9, 9, 378, 175, 28, 59, 1, -1, -1, -1
9, 10, 338, 172, 19, 17, 1, -1, -1, -1
10, 6, 345, 176, 13, 27, 1, -1, -1, -1
10, 7, 403, 194, 28, 42, 1, -1, -1, -1
10, 8, 427, 197, 32, 46, 1, -1, -1, -1
10, 3, 400, 176, 32, 48, 1, -1, -1, -1
10, 4, 427, 178, 29, 47, 1, -1, -1, -1
10, 11, 333, 204, 19, 40, 1, -1, -1, -1
10, 1, 392, 283, 60, 70, 1, -1, -1, -1
10, 9, 380, 175, 27, 57, 1, -1, -1, -1
11, 6, 333, 187, 27, 57, 1, -1, -1, -1
11, 7, 405, 194, 27, 42, 1, -1, -1, -1
11, 8, 427, 197, 32, 44, 1, -1, -1, -1
11, 3, 399, 176, 33, 48, 1, -1, -1, -1
11, 4, 428, 178, 28, 46, 1, -1, -1, -1
11, 11, 334, 204, 17, 38, 1, -1, -1, -1
11, 1, 392, 283, 60, 70, 1, -1, -1, -1
11, 9, 380, 175, 27, 56, 1, -1, -1, -1
12, 6, 348, 189, 10, 19, 1, -1, -1, -1
12, 7, 404, 194, 28, 43, 1, -1, -1, -1
12, 8, 426, 197, 33, 45, 1, -1, -1, -1
12, 3, 399, 176, 33, 52, 1, -1, -1, -1
12, 4, 427, 178, 29, 46, 1, -1, -1, -1
12, 11, 334, 209, 18, 34, 1, -1, -1, -1
12, 1, 392, 283, 60, 70, 1, -1, -1, -1
12, 9, 379, 175, 28, 59, 1, -1, -1, -1
13, 6, 326, 148, 32, 76, 1, -1, -1, -1
13, 7, 402, 194, 30, 43, 1, -1, -1, -1
13, 8, 425, 197, 34, 44, 1, -1, -1, -1
13, 3, 398, 176, 34, 53, 1, -1, -1, -1
13, 4, 427, 178, 29, 47, 1, -1, -1, -1
13, 11, 334, 208, 19, 36, 1, -1, -1, -1
13, 1, 392, 283, 60, 70, 1, -1, -1, -1
13, 9, 378, 175, 29, 61, 1, -1, -1, -1
13, 10, 338, 165, 20, 23, 1, -1, -1, -1
