1, 2, 154, 0, 82, 46, 1, -1, -1, -1
1, 4, 426, 173, 38, 46, 1, -1, -1, -1
1, 3, 472, 188, 35, 34, 1, -1, -1, -1
1, 1, 384, 0, 93, 116, 1, -1, -1, -1
2, 2, 127, 10, 63, 96, 1, -1, -1, -1
2, 4, 427, 173, 36, 45, 1, -1, -1, -1
2, 3, 475, 189, 33, 32, 1, -1, -1, -1
2, 1, 345, 45, 138, 105, 1, -1, -1, -1
3, 2, 61, 2, 96, 148, 1, -1, -1, -1
3, 4, 428, 173, 35, 46, 1, -1, -1, -1
3, 3, 473, 189, 35, 34, 1, -1, -1, -1
3, 1, 318, 105, 154, 36, 1, -1, -1, -1
4, 2, 85, 93, 73, 94, 1, -1, -1, -1
4, 4, 430, 173, 33, 44, 1, -1, -1, -1
4, 3, 471, 189, 37, 36, 1, -1, -1, -1
4, 1, 314, 94, 154, 62, 1, -1, -1, -1
5, 2, 110, 82, 63, 89, 1, -1, -1, -1
5, 4, 426, 173, 37, 46, 1, -1, -1, -1
5, 3, 470, 189, 38, 36, 1, -1, -1, -1
5, 1, 309, 83, 157, 78, 1, -1, -1, -1
6, 2, 110, 91, 69, 95, 1, -1, -1, -1
6, 4, 426, 173, 37, 45, 1, -1, -1, -1
6, 3, 471, 189, 37, 34, 1, -1, -1, -1
6, 1, 306, 76, 148, 95, 1, -1, -1, -1
7, 2, 98, 110, 91, 68, 1, -1, -1, -1
7, 4, 426, 173, 37, 44, 1, -1, -1, -1
7, 3, 471, 190, 36, 35, 1, -1, -1, -1
7, 1, 306, 70, 154, 103, 1, -1, -1, -1
8, 2, 97, 96, 64, 85, 1, -1, -1, -1
8, 4, 425, 173, 38, 48, 1, -1, -1, -1
8, 3, 471, 189, 37, 37, 1, -1, -1, -1
8, 1, 306, 67, 157, 108, 1, -1, -1, -1
9, 2, 129, 118, 60, 80, 1, -1, -1, -1
9, 4, 428, 173, 35, 44, 1, -1, -1, -1
9, 3, 471, 189, 37, 33, 1, -1, -1, -1
9, 1, 307, 65, 156, 109, 1, -1, -1, -1
10, 2, 149, 169, 60, 78, 1, -1, -1, -1
10, 4, 428, 173, 35, 46, 1, -1, -1, -1
10, 3, 471, 189, 37, 36, 1, -1, -1, -1
10, 1, 306, 60, 157, 111, 1, -1, -1, -1
11, 2, 189, 223, 59, 75, 1, -1, -1, -1
11, 4, 428, 159, 36, 59, 1, -1, -1, -1
11, 3, 470, 189, 38, 34, 1, -1, -1, -1
11, 1, 306, 63, 154, 100, 1, -1, -1, -1
12, 2, 192, 255, 61, 45, 1, -1, -1, -1
12, 4, 429, 172, 29, 48, 1, -1, -1, -1
12, 3, 470, 189, 37, 35, 1, -1, -1, -1
12, 1, 306, 58, 157, 118, 1, -1, -1, -1
13, 2, 192, 255, 61, 44, 1, -1, -1, -1
13, 4, 429, 160, 34, 56, 1, -1, -1, -1
13, 3, 469, 189, 38, 36, 1, -1, -1, -1
13, 1, 306, 56, 157, 120, 1, -1, -1, -1
14, 2, 192, 256, 61, 43, 1, -1, -1, -1
14, 4, 431, 160, 33, 54, 1, -1, -1, -1
14, 3, 471, 189, 36, 33, 1, -1, -1, -1
14, 1, 308, 53, 156, 108, 1, -1, -1, -1
15, 2, 193, 256, 60, 43, 1, -1, -1, -1
15, 4, 430, 161, 34, 52, 1, -1, -1, -1
15, 3, 471, 189, 36, 33, 1, -1, -1, -1
15, 1, 308, 51, 157, 109, 1, -1, -1, -1
16, 2, 193, 256, 59, 44, 1, -1, -1, -1
16, 4, 429, 160, 36, 53, 1, -1, -1, -1
16, 3, 471, 189, 36, 32, 1, -1, -1, -1
16, 1, 307, 49, 159, 128, 1, -1, -1, -1
17, 2, 193, 259, 58, 40, 1, -1, -1, -1
17, 4, 430, 160, 35, 52, 1, -1, -1, -1
17, 3, 471, 189, 36, 33, 1, -1, -1, -1
17, 1, 309, 46, 157, 128, 1, -1, -1, -1
18, 2, 193, 258, 59, 41, 1, -1, -1, -1
18, 4, 430, 158, 36, 55, 1, -1, -1, -1
18, 3, 472, 189, 35, 33, 1, -1, -1, -1
18, 1, 310, 43, 156, 114, 1, -1, -1, -1
19, 2, 193, 256, 59, 44, 1, -1, -1, -1
19, 4, 430, 160, 38, 55, 1, -1, -1, -1
19, 3, 471, 189, 36, 32, 1, -1, -1, -1
19, 1, 307, 35, 162, 136, 1, -1, -1, -1
20, 2, 193, 257, 59, 42, 1, -1, -1, -1
20, 4, 429, 160, 43, 55, 1, -1, -1, -1
20, 3, 472, 189, 36, 32, 1, -1, -1, -1
20, 1, 309, 26, 154, 123, 1, -1, -1, -1
21, 2, 193, 258, 59, 41, 1, -1, -1, -1
21, 4, 438, 158, 40, 44, 1, -1, -1, -1
21, 3, 474, 189, 34, 31, 1, -1, -1, -1
21, 1, 311, 23, 167, 149, 1, -1, -1, -1
22, 2, 193, 260, 60, 39, 1, -1, -1, -1
22, 4, 439, 159, 38, 42, 1, -1, -1, -1
22, 3, 474, 189, 34, 31, 1, -1, -1, -1
22, 1, 313, 22, 157, 132, 1, -1, -1, -1
23, 2, 193, 256, 60, 44, 1, -1, -1, -1
23, 4, 439, 160, 37, 41, 1, -1, -1, -1
23, 3, 473, 189, 35, 31, 1, -1, -1, -1
23, 1, 313, 23, 159, 145, 1, -1, -1, -1
24, 2, 188, 190, 65, 109, 1, -1, -1, -1
24, 4, 439, 160, 40, 41, 1, -1, -1, -1
24, 3, 475, 189, 33, 31, 1, -1, -1, -1
24, 1, 313, 31, 165, 144, 1, -1, -1, -1
25, 2, 189, 190, 64, 108, 1, -1, -1, -1
25, 4, 434, 175, 29, 39, 1, -1, -1, -1
25, 3, 472, 189, 35, 33, 1, -1, -1, -1
25, 1, 330, 60, 199, 84, 1, -1, -1, -1
26, 2, 190, 190, 62, 109, 1, -1, -1, -1
26, 4, 427, 175, 36, 45, 1, -1, -1, -1
26, 3, 474, 189, 34, 31, 1, -1, -1, -1
26, 1, 435, 0, 204, 176, 1, -1, -1, -1
27, 2, 190, 190, 62, 104, 1, -1, -1, -1
27, 4, 427, 174, 36, 45, 1, -1, -1, -1
27, 3, 471, 188, 37, 38, 1, -1, -1, -1
27, 1, 428, 0, 211, 209, 1, -1, -1, -1
28, 2, 190, 190, 62, 101, 1, -1, -1, -1
28, 4, 427, 174, 36, 46, 1, -1, -1, -1
28, 3, 472, 188, 36, 38, 1, -1, -1, -1
28, 1, 539, 25, 96, 183, 1, -1, -1, -1
29, 2, 189, 190, 64, 103, 1, -1, -1, -1
29, 4, 426, 174, 37, 46, 1, -1, -1, -1
29, 3, 471, 189, 38, 38, 1, -1, -1, -1
29, 1, 552, 120, 87, 87, 1, -1, -1, -1
30, 2, 190, 190, 63, 100, 1, -1, -1, -1
30, 4, 428, 175, 35, 43, 1, -1, -1, -1
30, 3, 473, 188, 35, 34, 1, -1, -1, -1
30, 1, 553, 119, 86, 88, 1, -1, -1, -1
31, 2, 190, 190, 62, 99, 1, -1, -1, -1
31, 4, 425, 175, 38, 43, 1, -1, -1, -1
31, 3, 471, 189, 37, 37, 1, -1, -1, -1
31, 1, 556, 113, 83, 92, 1, -1, -1, -1
32, 2, 189, 190, 63, 101, 1, -1, -1, -1
32, 4, 426, 175, 36, 44, 1, -1, -1, -1
32, 3, 470, 190, 37, 37, 1, -1, -1, -1
32, 1, 557, 113, 82, 90, 1, -1, -1, -1
33, 2, 189, 190, 64, 101, 1, -1, -1, -1
33, 4, 424, 195, 32, 28, 1, -1, -1, -1
33, 3, 471, 190, 37, 35, 1, -1, -1, -1
33, 1, 556, 112, 83, 90, 1, -1, -1, -1
34, 2, 189, 190, 63, 106, 1, -1, -1, -1
34, 4, 429, 187, 33, 34, 1, -1, -1, -1
34, 3, 473, 189, 35, 32, 1, -1, -1, -1
34, 1, 557, 112, 82, 90, 1, -1, -1, -1
35, 2, 189, 190, 64, 105, 1, -1, -1, -1
35, 4, 427, 181, 26, 41, 1, -1, -1, -1
35, 3, 479, 192, 30, 22, 1, -1, -1, -1
35, 1, 557, 112, 82, 90, 1, -1, -1, -1
36, 2, 189, 190, 64, 107, 1, -1, -1, -1
36, 4, 439, 165, 22, 30, 1, -1, -1, -1
36, 3, 480, 193, 28, 21, 1, -1, -1, -1
36, 1, 557, 113, 82, 89, 1, -1, -1, -1
37, 2, 189, 190, 64, 106, 1, -1, -1, -1
37, 4, 491, 152, 47, 50, 1, -1, -1, -1
37, 3, 491, 142, 60, 60, 1, -1, -1, -1
37, 1, 557, 113, 82, 90, 1, -1, -1, -1
38, 2, 189, 190, 64, 108, 1, -1, -1, -1
38, 4, 316, 52, 130, 68, 1, -1, -1, -1
38, 1, 558, 114, 81, 88, 1, -1, -1, -1
