1, 4, 412, 208, 6, 8, 1, -1, -1, -1
1, 13, 335, 0, 131, 123, 1, -1, -1, -1
1, 8, 304, 216, 17, 55, 1, -1, -1, -1
1, 11, 152, 246, 27, 51, 1, -1, -1, -1
1, 9, 246, 264, 74, 112, 1, -1, -1, -1
1, 7, 319, 198, 25, 77, 1, -1, -1, -1
1, 5, 354, 201, 9, 13, 1, -1, -1, -1
1, 6, 338, 186, 24, 64, 1, -1, -1, -1
1, 3, 418, 238, 8, 10, 1, -1, -1, -1
1, 12, 121, 251, 28, 54, 1, -1, -1, -1
1, 2, 460, 124, 15, 16, 1, -1, -1, -1
1, 10, 206, 190, 96, 134, 1, -1, -1, -1
1, 1, 605, 347, 17, 32, 1, -1, -1, -1
1, 16, 440, 302, 6, 5, 1, -1, -1, -1
1, 14, 455, 303, 5, 5, 1, -1, -1, -1
1, 15, 483, 306, 6, 5, 1, -1, -1, -1
2, 4, 412, 208, 6, 9, 1, -1, -1, -1
2, 13, 337, 0, 133, 128, 1, -1, -1, -1
2, 8, 303, 216, 17, 55, 1, -1, -1, -1
2, 11, 151, 247, 27, 50, 1, -1, -1, -1
2, 9, 246, 263, 75, 114, 1, -1, -1, -1
2, 7, 318, 198, 26, 76, 1, -1, -1, -1
2, 5, 354, 201, 9, 14, 1, -1, -1, -1
2, 6, 338, 186, 24, 66, 1, -1, -1, -1
2, 3, 418, 238, 8, 10, 1, -1, -1, -1
2, 12, 121, 251, 28, 53, 1, -1, -1, -1
2, 2, 461, 124, 14, 16, 1, -1, -1, -1
2, 10, 206, 189, 96, 135, 1, -1, -1, -1
2, 1, 607, 347, 15, 29, 1, -1, -1, -1
2, 16, 440, 301, 6, 7, 1, -1, -1, -1
2, 14, 455, 303, 6, 5, 1, -1, -1, -1
2, 15, 483, 306, 7, 5, 1, -1, -1, -1
3, 4, 412, 208, 6, 9, 1, -1, -1, -1
3, 13, 337, 0, 131, 127, 1, -1, -1, -1
3, 8, 303, 216, 17, 55, 1, -1, -1, -1
3, 11, 151, 247, 27, 50, 1, -1, -1, -1
3, 9, 246, 263, 75, 114, 1, -1, -1, -1
3, 7, 318, 198, 26, 76, 1, -1, -1, -1
3, 5, 353, 201, 10, 14, 1, -1, -1, -1
3, 6, 338, 186, 24, 65, 1, -1, -1, -1
3, 3, 418, 238, 8, 10, 1, -1, -1, -1
3, 12, 121, 251, 28, 53, 1, -1, -1, -1
3, 2, 461, 124, 13, 15, 1, -1, -1, -1
3, 10, 206, 189, 96, 135, 1, -1, -1, -1
3, 1, 606, 347, 16, 31, 1, -1, -1, -1
3, 16, 440, 301, 6, 7, 1, -1, -1, -1
3, 14, 455, 303, 7, 5, 1, -1, -1, -1
3, 15, 483, 306, 7, 5, 1, -1, -1, -1
4, 4, 412, 208, 6, 9, 1, -1, -1, -1
4, 13, 337, 0, 128, 125, 1, -1, -1, -1
4, 8, 303, 216, 17, 55, 1, -1, -1, -1
4, 11, 151, 247, 28, 50, 1, -1, -1, -1
4, 9, 246, 263, 74, 113, 1, -1, -1, -1
4, 7, 318, 198, 26, 77, 1, -1, -1, -1
4, 5, 354, 201, 9, 14, 1, -1, -1, -1
4, 6, 337, 186, 25, 66, 1, -1, -1, -1
4, 3, 418, 238, 8, 10, 1, -1, -1, -1
4, 12, 121, 251, 28, 53, 1, -1, -1, -1
4, 2, 461, 125, 13, 14, 1, -1, -1, -1
4, 10, 206, 189, 96, 135, 1, -1, -1, -1
4, 1, 606, 347, 16, 32, 1, -1, -1, -1
4, 16, 440, 301, 6, 7, 1, -1, -1, -1
4, 14, 455, 303, 7, 5, 1, -1, -1, -1
4, 15, 483, 306, 7, 6, 1, -1, -1, -1
5, 4, 412, 208, 6, 9, 1, -1, -1, -1
5, 13, 337, 0, 131, 128, 1, -1, -1, -1
5, 8, 303, 216, 17, 55, 1, -1, -1, -1
5, 11, 151, 247, 28, 50, 1, -1, -1, -1
5, 9, 246, 263, 74, 113, 1, -1, -1, -1
5, 7, 318, 198, 26, 76, 1, -1, -1, -1
5, 5, 354, 201, 9, 14, 1, -1, -1, -1
5, 6, 337, 186, 25, 66, 1, -1, -1, -1
5, 3, 417, 238, 9, 10, 1, -1, -1, -1
5, 12, 121, 251, 28, 53, 1, -1, -1, -1
5, 2, 461, 125, 13, 14, 1, -1, -1, -1
5, 10, 206, 189, 96, 135, 1, -1, -1, -1
5, 1, 606, 347, 16, 33, 1, -1, -1, -1
5, 16, 440, 301, 6, 7, 1, -1, -1, -1
5, 14, 455, 303, 7, 5, 1, -1, -1, -1
5, 15, 483, 306, 7, 6, 1, -1, -1, -1
6, 4, 412, 208, 6, 9, 1, -1, -1, -1
6, 13, 337, 0, 131, 127, 1, -1, -1, -1
6, 8, 303, 216, 16, 55, 1, -1, -1, -1
6, 11, 151, 247, 28, 50, 1, -1, -1, -1
6, 9, 246, 263, 74, 113, 1, -1, -1, -1
6, 7, 318, 198, 26, 77, 1, -1, -1, -1
6, 5, 354, 201, 9, 14, 1, -1, -1, -1
6, 6, 338, 186, 24, 66, 1, -1, -1, -1
6, 3, 417, 238, 9, 10, 1, -1, -1, -1
6, 12, 121, 251, 28, 54, 1, -1, -1, -1
6, 2, 461, 124, 13, 15, 1, -1, -1, -1
6, 10, 206, 189, 96, 135, 1, -1, -1, -1
6, 1, 606, 347, 16, 32, 1, -1, -1, -1
6, 16, 440, 301, 6, 7, 1, -1, -1, -1
6, 14, 455, 303, 7, 5, 1, -1, -1, -1
6, 15, 483, 306, 7, 6, 1, -1, -1, -1
7, 4, 412, 208, 6, 9, 1, -1, -1, -1
7, 13, 337, 0, 131, 128, 1, -1, -1, -1
7, 8, 303, 216, 16, 55, 1, -1, -1, -1
7, 11, 151, 246, 28, 51, 1, -1, -1, -1
7, 9, 246, 263, 74, 114, 1, -1, -1, -1
7, 7, 318, 198, 26, 77, 1, -1, -1, -1
7, 5, 353, 201, 10, 14, 1, -1, -1, -1
7, 6, 338, 186, 24, 65, 1, -1, -1, -1
7, 3, 418, 238, 8, 10, 1, -1, -1, -1
7, 12, 121, 251, 28, 53, 1, -1, -1, -1
7, 2, 461, 125, 13, 14, 1, -1, -1, -1
7, 10, 206, 190, 96, 134, 1, -1, -1, -1
7, 1, 606, 347, 16, 33, 1, -1, -1, -1
7, 16, 440, 301, 6, 7, 1, -1, -1, -1
7, 14, 455, 303, 7, 5, 1, -1, -1, -1
7, 15, 483, 306, 7, 6, 1, -1, -1, -1
8, 4, 412, 208, 6, 9, 1, -1, -1, -1
8, 13, 337, 0, 131, 128, 1, -1, -1, -1
8, 8, 303, 216, 17, 55, 1, -1, -1, -1
8, 11, 151, 247, 27, 50, 1, -1, -1, -1
8, 9, 246, 263, 74, 114, 1, -1, -1, -1
8, 7, 318, 198, 26, 77, 1, -1, -1, -1
8, 5, 354, 201, 9, 14, 1, -1, -1, -1
8, 6, 337, 186, 25, 66, 1, -1, -1, -1
8, 3, 418, 238, 8, 10, 1, -1, -1, -1
8, 12, 121, 251, 28, 53, 1, -1, -1, -1
8, 2, 461, 124, 12, 15, 1, -1, -1, -1
8, 10, 206, 190, 96, 134, 1, -1, -1, -1
8, 1, 607, 347, 15, 31, 1, -1, -1, -1
8, 16, 440, 301, 6, 8, 1, -1, -1, -1
8, 14, 455, 303, 7, 5, 1, -1, -1, -1
8, 15, 483, 306, 7, 6, 1, -1, -1, -1
9, 4, 412, 208, 6, 9, 1, -1, -1, -1
9, 13, 338, 0, 131, 128, 1, -1, -1, -1
9, 8, 303, 216, 17, 55, 1, -1, -1, -1
9, 11, 151, 247, 28, 50, 1, -1, -1, -1
9, 9, 246, 263, 74, 113, 1, -1, -1, -1
9, 7, 318, 198, 26, 77, 1, -1, -1, -1
9, 5, 354, 201, 9, 14, 1, -1, -1, -1
9, 6, 338, 186, 24, 66, 1, -1, -1, -1
9, 3, 417, 238, 9, 10, 1, -1, -1, -1
9, 12, 121, 251, 28, 53, 1, -1, -1, -1
9, 2, 462, 124, 12, 15, 1, -1, -1, -1
9, 10, 206, 190, 96, 134, 1, -1, -1, -1
9, 1, 607, 347, 15, 30, 1, -1, -1, -1
9, 16, 440, 301, 7, 8, 1, -1, -1, -1
9, 14, 455, 303, 7, 5, 1, -1, -1, -1
9, 15, 482, 306, 8, 6, 1, -1, -1, -1
10, 4, 412, 208, 6, 9, 1, -1, -1, -1
10, 13, 336, 0, 134, 128, 1, -1, -1, -1
10, 8, 303, 216, 17, 55, 1, -1, -1, -1
10, 11, 151, 247, 28, 50, 1, -1, -1, -1
10, 9, 246, 263, 74, 114, 1, -1, -1, -1
10, 7, 318, 198, 25, 77, 1, -1, -1, -1
10, 5, 354, 201, 9, 14, 1, -1, -1, -1
10, 6, 338, 186, 24, 66, 1, -1, -1, -1
10, 3, 417, 238, 9, 10, 1, -1, -1, -1
10, 12, 121, 251, 28, 53, 1, -1, -1, -1
10, 2, 461, 124, 12, 14, 1, -1, -1, -1
10, 10, 206, 190, 96, 134, 1, -1, -1, -1
10, 1, 607, 347, 15, 31, 1, -1, -1, -1
10, 16, 440, 301, 6, 8, 1, -1, -1, -1
10, 14, 455, 303, 7, 5, 1, -1, -1, -1
10, 15, 482, 306, 8, 6, 1, -1, -1, -1
11, 4, 412, 208, 6, 9, 1, -1, -1, -1
11, 13, 337, 0, 131, 128, 1, -1, -1, -1
11, 8, 303, 216, 17, 55, 1, -1, -1, -1
11, 11, 151, 246, 28, 51, 1, -1, -1, -1
11, 9, 246, 263, 74, 113, 1, -1, -1, -1
11, 7, 318, 198, 25, 77, 1, -1, -1, -1
11, 5, 354, 201, 9, 14, 1, -1, -1, -1
11, 6, 337, 186, 25, 66, 1, -1, -1, -1
11, 3, 417, 238, 9, 10, 1, -1, -1, -1
11, 12, 121, 251, 28, 53, 1, -1, -1, -1
11, 2, 461, 124, 11, 14, 1, -1, -1, -1
11, 10, 206, 190, 96, 134, 1, -1, -1, -1
11, 1, 606, 347, 16, 31, 1, -1, -1, -1
11, 16, 440, 301, 6, 8, 1, -1, -1, -1
11, 14, 455, 303, 7, 5, 1, -1, -1, -1
11, 15, 482, 306, 8, 6, 1, -1, -1, -1
12, 4, 412, 208, 6, 9, 1, -1, -1, -1
12, 13, 332, 0, 136, 131, 1, -1, -1, -1
12, 8, 303, 216, 17, 55, 1, -1, -1, -1
12, 11, 151, 247, 27, 50, 1, -1, -1, -1
12, 9, 246, 263, 74, 114, 1, -1, -1, -1
12, 7, 318, 198, 25, 77, 1, -1, -1, -1
12, 5, 353, 201, 10, 14, 1, -1, -1, -1
12, 6, 338, 186, 24, 67, 1, -1, -1, -1
12, 3, 417, 238, 9, 10, 1, -1, -1, -1
12, 12, 121, 251, 28, 53, 1, -1, -1, -1
12, 2, 462, 128, 14, 17, 1, -1, -1, -1
12, 10, 206, 190, 97, 134, 1, -1, -1, -1
12, 1, 607, 347, 15, 30, 1, -1, -1, -1
12, 16, 440, 301, 6, 8, 1, -1, -1, -1
12, 14, 455, 303, 7, 5, 1, -1, -1, -1
12, 15, 482, 306, 8, 6, 1, -1, -1, -1
13, 4, 412, 208, 6, 9, 1, -1, -1, -1
13, 13, 335, 7, 78, 106, 1, -1, -1, -1
13, 8, 303, 216, 16, 55, 1, -1, -1, -1
13, 11, 151, 247, 28, 50, 1, -1, -1, -1
13, 9, 246, 263, 74, 114, 1, -1, -1, -1
13, 7, 318, 198, 26, 77, 1, -1, -1, -1
13, 5, 354, 201, 9, 14, 1, -1, -1, -1
13, 6, 338, 186, 24, 66, 1, -1, -1, -1
13, 3, 418, 238, 8, 10, 1, -1, -1, -1
13, 12, 121, 251, 28, 53, 1, -1, -1, -1
13, 2, 480, 160, 21, 21, 1, -1, -1, -1
13, 10, 206, 190, 96, 134, 1, -1, -1, -1
13, 1, 607, 347, 15, 30, 1, -1, -1, -1
13, 16, 440, 301, 7, 8, 1, -1, -1, -1
13, 14, 455, 303, 7, 5, 1, -1, -1, -1
13, 15, 482, 306, 8, 7, 1, -1, -1, -1
14, 4, 412, 208, 6, 9, 1, -1, -1, -1
14, 13, 309, 27, 23, 160, 1, -1, -1, -1
14, 8, 303, 217, 17, 54, 1, -1, -1, -1
14, 11, 151, 247, 27, 50, 1, -1, -1, -1
14, 9, 246, 264, 74, 113, 1, -1, -1, -1
14, 7, 318, 198, 25, 77, 1, -1, -1, -1
14, 5, 354, 201, 9, 14, 1, -1, -1, -1
14, 6, 337, 186, 25, 65, 1, -1, -1, -1
14, 3, 417, 239, 9, 9, 1, -1, -1, -1
14, 12, 121, 251, 28, 53, 1, -1, -1, -1
14, 2, 496, 177, 17, 15, 1, -1, -1, -1
14, 10, 206, 189, 96, 135, 1, -1, -1, -1
14, 1, 606, 347, 16, 32, 1, -1, -1, -1
14, 16, 440, 301, 7, 8, 1, -1, -1, -1
14, 14, 456, 303, 6, 5, 1, -1, -1, -1
14, 15, 482, 306, 8, 7, 1, -1, -1, -1
15, 4, 412, 208, 6, 9, 1, -1, -1, -1
15, 13, 276, 8, 35, 228, 1, -1, -1, -1
15, 8, 303, 216, 16, 55, 1, -1, -1, -1
15, 11, 151, 247, 27, 50, 1, -1, -1, -1
15, 9, 246, 263, 74, 114, 1, -1, -1, -1
15, 7, 317, 198, 26, 77, 1, -1, -1, -1
15, 5, 354, 201, 9, 14, 1, -1, -1, -1
15, 6, 337, 186, 25, 65, 1, -1, -1, -1
15, 3, 417, 239, 9, 10, 1, -1, -1, -1
15, 12, 121, 251, 28, 53, 1, -1, -1, -1
15, 2, 516, 170, 11, 8, 1, -1, -1, -1
15, 10, 206, 189, 94, 135, 1, -1, -1, -1
15, 1, 607, 347, 15, 32, 1, -1, -1, -1
15, 16, 440, 301, 7, 8, 1, -1, -1, -1
15, 14, 456, 303, 6, 5, 1, -1, -1, -1
15, 15, 483, 306, 7, 7, 1, -1, -1, -1
16, 4, 412, 208, 6, 9, 1, -1, -1, -1
16, 13, 268, 27, 35, 188, 1, -1, -1, -1
16, 8, 303, 216, 17, 55, 1, -1, -1, -1
16, 11, 151, 247, 28, 50, 1, -1, -1, -1
16, 9, 246, 263, 74, 114, 1, -1, -1, -1
16, 7, 318, 198, 25, 77, 1, -1, -1, -1
16, 5, 354, 201, 9, 14, 1, -1, -1, -1
16, 6, 338, 186, 24, 65, 1, -1, -1, -1
16, 3, 417, 240, 8, 9, 1, -1, -1, -1
16, 12, 121, 251, 28, 53, 1, -1, -1, -1
16, 10, 206, 189, 95, 135, 1, -1, -1, -1
16, 1, 607, 347, 15, 30, 1, -1, -1, -1
16, 16, 440, 301, 6, 8, 1, -1, -1, -1
16, 14, 455, 303, 7, 5, 1, -1, -1, -1
16, 15, 482, 306, 8, 6, 1, -1, -1, -1
17, 4, 412, 208, 6, 9, 1, -1, -1, -1
17, 13, 272, 33, 33, 176, 1, -1, -1, -1
17, 8, 303, 216, 16, 55, 1, -1, -1, -1
17, 11, 151, 247, 28, 50, 1, -1, -1, -1
17, 9, 246, 263, 74, 114, 1, -1, -1, -1
17, 7, 318, 198, 25, 77, 1, -1, -1, -1
17, 5, 354, 201, 9, 14, 1, -1, -1, -1
17, 6, 338, 186, 24, 65, 1, -1, -1, -1
17, 3, 417, 240, 7, 9, 1, -1, -1, -1
17, 12, 121, 251, 28, 53, 1, -1, -1, -1
17, 10, 206, 189, 95, 135, 1, -1, -1, -1
17, 1, 607, 347, 15, 31, 1, -1, -1, -1
17, 16, 440, 301, 6, 8, 1, -1, -1, -1
17, 14, 456, 303, 6, 5, 1, -1, -1, -1
17, 15, 483, 306, 7, 7, 1, -1, -1, -1
18, 4, 412, 208, 6, 9, 1, -1, -1, -1
18, 13, 273, 33, 32, 176, 1, -1, -1, -1
18, 8, 303, 216, 16, 55, 1, -1, -1, -1
18, 11, 151, 247, 28, 50, 1, -1, -1, -1
18, 9, 246, 263, 74, 114, 1, -1, -1, -1
18, 7, 318, 198, 25, 77, 1, -1, -1, -1
18, 5, 354, 201, 8, 14, 1, -1, -1, -1
18, 6, 338, 186, 24, 64, 1, -1, -1, -1
18, 3, 417, 240, 7, 9, 1, -1, -1, -1
18, 12, 121, 251, 28, 53, 1, -1, -1, -1
18, 10, 206, 189, 96, 135, 1, -1, -1, -1
18, 1, 607, 347, 15, 32, 1, -1, -1, -1
18, 16, 440, 301, 6, 8, 1, -1, -1, -1
18, 14, 456, 303, 6, 5, 1, -1, -1, -1
18, 15, 483, 306, 7, 7, 1, -1, -1, -1
19, 4, 412, 208, 6, 9, 1, -1, -1, -1
19, 13, 277, 32, 31, 175, 1, -1, -1, -1
19, 8, 303, 217, 17, 54, 1, -1, -1, -1
19, 11, 151, 247, 28, 50, 1, -1, -1, -1
19, 9, 246, 263, 74, 114, 1, -1, -1, -1
19, 7, 318, 198, 26, 77, 1, -1, -1, -1
19, 5, 354, 201, 8, 14, 1, -1, -1, -1
19, 6, 338, 186, 24, 64, 1, -1, -1, -1
19, 3, 417, 240, 7, 9, 1, -1, -1, -1
19, 12, 121, 251, 28, 53, 1, -1, -1, -1
19, 10, 206, 189, 96, 135, 1, -1, -1, -1
19, 1, 607, 347, 15, 30, 1, -1, -1, -1
19, 16, 440, 301, 6, 8, 1, -1, -1, -1
19, 14, 454, 303, 7, 6, 1, -1, -1, -1
19, 15, 483, 306, 7, 6, 1, -1, -1, -1
20, 4, 412, 208, 6, 10, 1, -1, -1, -1
20, 13, 282, 33, 29, 173, 1, -1, -1, -1
20, 8, 303, 216, 17, 55, 1, -1, -1, -1
20, 11, 151, 247, 28, 50, 1, -1, -1, -1
20, 9, 246, 263, 74, 114, 1, -1, -1, -1
20, 7, 318, 198, 26, 77, 1, -1, -1, -1
20, 5, 354, 201, 9, 14, 1, -1, -1, -1
20, 6, 338, 186, 24, 64, 1, -1, -1, -1
20, 3, 417, 240, 8, 9, 1, -1, -1, -1
20, 12, 121, 251, 28, 53, 1, -1, -1, -1
20, 10, 206, 189, 96, 135, 1, -1, -1, -1
20, 1, 607, 347, 15, 29, 1, -1, -1, -1
20, 16, 440, 301, 6, 8, 1, -1, -1, -1
20, 14, 455, 303, 7, 5, 1, -1, -1, -1
20, 15, 483, 306, 7, 7, 1, -1, -1, -1
21, 4, 412, 208, 6, 10, 1, -1, -1, -1
21, 13, 287, 21, 28, 178, 1, -1, -1, -1
21, 8, 303, 216, 17, 55, 1, -1, -1, -1
21, 11, 151, 247, 28, 50, 1, -1, -1, -1
21, 9, 246, 262, 74, 115, 1, -1, -1, -1
21, 7, 318, 198, 25, 77, 1, -1, -1, -1
21, 5, 354, 201, 8, 14, 1, -1, -1, -1
21, 6, 337, 186, 25, 64, 1, -1, -1, -1
21, 3, 417, 240, 8, 9, 1, -1, -1, -1
21, 12, 121, 251, 28, 53, 1, -1, -1, -1
21, 10, 206, 189, 95, 135, 1, -1, -1, -1
21, 1, 607, 347, 15, 29, 1, -1, -1, -1
21, 16, 440, 301, 7, 8, 1, -1, -1, -1
21, 14, 453, 303, 8, 7, 1, -1, -1, -1
21, 15, 483, 306, 7, 6, 1, -1, -1, -1
22, 4, 412, 208, 6, 10, 1, -1, -1, -1
22, 13, 287, 27, 27, 178, 1, -1, -1, -1
22, 8, 303, 216, 17, 55, 1, -1, -1, -1
22, 11, 151, 247, 28, 50, 1, -1, -1, -1
22, 9, 246, 263, 74, 114, 1, -1, -1, -1
22, 7, 318, 198, 26, 77, 1, -1, -1, -1
22, 5, 354, 201, 8, 14, 1, -1, -1, -1
22, 6, 337, 186, 25, 64, 1, -1, -1, -1
22, 3, 417, 240, 8, 9, 1, -1, -1, -1
22, 12, 121, 251, 28, 53, 1, -1, -1, -1
22, 10, 206, 189, 95, 135, 1, -1, -1, -1
22, 1, 607, 347, 15, 32, 1, -1, -1, -1
22, 16, 440, 301, 7, 8, 1, -1, -1, -1
22, 14, 456, 303, 6, 5, 1, -1, -1, -1
22, 15, 482, 305, 8, 8, 1, -1, -1, -1
23, 4, 412, 208, 6, 9, 1, -1, -1, -1
23, 13, 285, 15, 30, 179, 1, -1, -1, -1
23, 8, 303, 217, 17, 54, 1, -1, -1, -1
23, 11, 151, 247, 27, 50, 1, -1, -1, -1
23, 9, 246, 263, 74, 114, 1, -1, -1, -1
23, 7, 318, 198, 25, 77, 1, -1, -1, -1
23, 5, 354, 200, 9, 15, 1, -1, -1, -1
23, 6, 338, 186, 24, 64, 1, -1, -1, -1
23, 3, 417, 239, 9, 10, 1, -1, -1, -1
23, 12, 121, 251, 28, 53, 1, -1, -1, -1
23, 10, 206, 189, 95, 135, 1, -1, -1, -1
23, 1, 607, 347, 15, 31, 1, -1, -1, -1
23, 16, 440, 301, 6, 8, 1, -1, -1, -1
23, 14, 455, 303, 7, 5, 1, -1, -1, -1
23, 15, 483, 305, 8, 8, 1, -1, -1, -1
24, 4, 412, 208, 6, 9, 1, -1, -1, -1
24, 13, 268, 0, 46, 190, 1, -1, -1, -1
24, 8, 303, 216, 17, 55, 1, -1, -1, -1
24, 11, 151, 247, 27, 50, 1, -1, -1, -1
24, 9, 246, 263, 74, 114, 1, -1, -1, -1
24, 7, 318, 198, 26, 77, 1, -1, -1, -1
24, 5, 354, 201, 9, 14, 1, -1, -1, -1
24, 6, 337, 186, 25, 64, 1, -1, -1, -1
24, 3, 417, 238, 9, 11, 1, -1, -1, -1
24, 12, 121, 251, 28, 53, 1, -1, -1, -1
24, 10, 206, 189, 96, 135, 1, -1, -1, -1
24, 1, 607, 347, 15, 31, 1, -1, -1, -1
24, 16, 440, 301, 7, 8, 1, -1, -1, -1
24, 14, 453, 303, 8, 6, 1, -1, -1, -1
24, 15, 482, 306, 8, 7, 1, -1, -1, -1
25, 4, 412, 208, 6, 9, 1, -1, -1, -1
25, 13, 261, 0, 43, 187, 1, -1, -1, -1
25, 8, 303, 216, 17, 55, 1, -1, -1, -1
25, 11, 151, 247, 28, 50, 1, -1, -1, -1
25, 9, 246, 263, 74, 114, 1, -1, -1, -1
25, 7, 318, 198, 26, 77, 1, -1, -1, -1
25, 5, 354, 201, 9, 14, 1, -1, -1, -1
25, 6, 337, 186, 25, 64, 1, -1, -1, -1
25, 3, 417, 238, 9, 10, 1, -1, -1, -1
25, 12, 121, 251, 28, 53, 1, -1, -1, -1
25, 10, 207, 190, 95, 134, 1, -1, -1, -1
25, 1, 607, 347, 15, 30, 1, -1, -1, -1
25, 16, 440, 301, 6, 8, 1, -1, -1, -1
25, 14, 455, 303, 7, 5, 1, -1, -1, -1
25, 15, 482, 305, 10, 8, 1, -1, -1, -1
26, 4, 411, 208, 7, 9, 1, -1, -1, -1
26, 13, 259, 0, 43, 188, 1, -1, -1, -1
26, 8, 303, 216, 17, 55, 1, -1, -1, -1
26, 11, 151, 247, 27, 50, 1, -1, -1, -1
26, 9, 247, 263, 73, 114, 1, -1, -1, -1
26, 7, 318, 198, 26, 77, 1, -1, -1, -1
26, 5, 354, 201, 9, 14, 1, -1, -1, -1
26, 6, 337, 186, 25, 64, 1, -1, -1, -1
26, 3, 417, 238, 9, 10, 1, -1, -1, -1
26, 12, 121, 251, 28, 53, 1, -1, -1, -1
26, 10, 206, 190, 97, 134, 1, -1, -1, -1
26, 1, 607, 347, 15, 32, 1, -1, -1, -1
26, 16, 440, 301, 7, 8, 1, -1, -1, -1
26, 14, 453, 303, 8, 7, 1, -1, -1, -1
26, 15, 479, 305, 12, 8, 1, -1, -1, -1
27, 4, 411, 208, 7, 9, 1, -1, -1, -1
27, 13, 256, 0, 41, 191, 1, -1, -1, -1
27, 8, 303, 216, 16, 55, 1, -1, -1, -1
27, 11, 151, 247, 28, 50, 1, -1, -1, -1
27, 9, 247, 263, 73, 114, 1, -1, -1, -1
27, 7, 318, 198, 26, 77, 1, -1, -1, -1
27, 5, 354, 201, 9, 14, 1, -1, -1, -1
27, 6, 337, 186, 25, 65, 1, -1, -1, -1
27, 3, 418, 238, 8, 10, 1, -1, -1, -1
27, 12, 121, 251, 28, 53, 1, -1, -1, -1
27, 10, 206, 190, 97, 134, 1, -1, -1, -1
27, 1, 607, 347, 15, 32, 1, -1, -1, -1
27, 16, 440, 301, 7, 8, 1, -1, -1, -1
27, 14, 452, 303, 10, 7, 1, -1, -1, -1
27, 15, 480, 305, 11, 9, 1, -1, -1, -1
28, 4, 412, 208, 6, 9, 1, -1, -1, -1
28, 13, 259, 0, 45, 157, 1, -1, -1, -1
28, 8, 303, 217, 16, 54, 1, -1, -1, -1
28, 11, 151, 247, 27, 50, 1, -1, -1, -1
28, 9, 246, 263, 74, 114, 1, -1, -1, -1
28, 7, 318, 198, 26, 77, 1, -1, -1, -1
28, 5, 354, 201, 9, 14, 1, -1, -1, -1
28, 6, 337, 186, 25, 65, 1, -1, -1, -1
28, 3, 417, 238, 9, 10, 1, -1, -1, -1
28, 12, 121, 251, 28, 53, 1, -1, -1, -1
28, 10, 206, 190, 97, 134, 1, -1, -1, -1
28, 1, 606, 347, 16, 32, 1, -1, -1, -1
28, 16, 440, 301, 7, 8, 1, -1, -1, -1
28, 14, 453, 303, 9, 7, 1, -1, -1, -1
28, 15, 480, 305, 11, 9, 1, -1, -1, -1
29, 4, 412, 208, 6, 9, 1, -1, -1, -1
29, 13, 310, 0, 29, 135, 1, -1, -1, -1
29, 8, 303, 216, 17, 55, 1, -1, -1, -1
29, 11, 151, 247, 27, 50, 1, -1, -1, -1
29, 9, 246, 263, 74, 114, 1, -1, -1, -1
29, 7, 318, 198, 26, 77, 1, -1, -1, -1
29, 5, 353, 201, 10, 14, 1, -1, -1, -1
29, 6, 338, 186, 24, 65, 1, -1, -1, -1
29, 3, 418, 238, 8, 10, 1, -1, -1, -1
29, 12, 121, 251, 28, 53, 1, -1, -1, -1
29, 10, 206, 190, 98, 134, 1, -1, -1, -1
29, 1, 607, 347, 15, 32, 1, -1, -1, -1
29, 16, 440, 300, 7, 9, 1, -1, -1, -1
29, 14, 453, 303, 9, 7, 1, -1, -1, -1
29, 15, 480, 306, 11, 8, 1, -1, -1, -1
30, 4, 412, 208, 6, 9, 1, -1, -1, -1
30, 13, 315, 2, 29, 144, 1, -1, -1, -1
30, 8, 303, 217, 17, 54, 1, -1, -1, -1
30, 11, 151, 247, 27, 50, 1, -1, -1, -1
30, 9, 246, 263, 74, 114, 1, -1, -1, -1
30, 7, 318, 198, 26, 77, 1, -1, -1, -1
30, 5, 353, 201, 10, 14, 1, -1, -1, -1
30, 6, 337, 186, 25, 65, 1, -1, -1, -1
30, 3, 418, 238, 8, 10, 1, -1, -1, -1
30, 12, 121, 251, 28, 53, 1, -1, -1, -1
30, 2, 326, 84, 17, 58, 1, -1, -1, -1
30, 10, 206, 190, 97, 134, 1, -1, -1, -1
30, 1, 607, 347, 14, 34, 1, -1, -1, -1
30, 16, 440, 300, 7, 9, 1, -1, -1, -1
30, 14, 453, 303, 8, 7, 1, -1, -1, -1
30, 15, 480, 306, 11, 8, 1, -1, -1, -1
