1, 4, 412, 208, 6, 8, 1, -1, -1, -1
1, 8, 304, 216, 17, 57, 1, -1, -1, -1
1, 11, 152, 246, 27, 51, 1, -1, -1, -1
1, 9, 246, 262, 74, 114, 1, -1, -1, -1
1, 7, 319, 198, 25, 78, 1, -1, -1, -1
1, 5, 354, 201, 9, 13, 1, -1, -1, -1
1, 6, 338, 186, 24, 64, 1, -1, -1, -1
1, 12, 121, 251, 28, 54, 1, -1, -1, -1
1, 2, 439, 257, 13, 23, 1, -1, -1, -1
1, 1, 605, 347, 17, 32, 1, -1, -1, -1
1, 13, 266, 0, 35, 188, 1, -1, -1, -1
1, 10, 206, 190, 96, 134, 1, -1, -1, -1
1, 17, 520, 161, 10, 11, 1, -1, -1, -1
1, 16, 440, 302, 6, 5, 1, -1, -1, -1
1, 14, 455, 303, 5, 5, 1, -1, -1, -1
1, 15, 483, 306, 6, 5, 1, -1, -1, -1
2, 4, 412, 208, 6, 9, 1, -1, -1, -1
2, 8, 303, 216, 17, 56, 1, -1, -1, -1
2, 11, 151, 246, 28, 51, 1, -1, -1, -1
2, 9, 246, 263, 74, 114, 1, -1, -1, -1
2, 7, 318, 198, 26, 78, 1, -1, -1, -1
2, 5, 354, 201, 9, 14, 1, -1, -1, -1
2, 6, 338, 186, 24, 65, 1, -1, -1, -1
2, 12, 121, 251, 28, 53, 1, -1, -1, -1
2, 2, 438, 256, 15, 23, 1, -1, -1, -1
2, 1, 607, 347, 15, 32, 1, -1, -1, -1
2, 13, 256, 0, 40, 188, 1, -1, -1, -1
2, 10, 206, 190, 96, 134, 1, -1, -1, -1
2, 17, 488, 157, 14, 8, 1, -1, -1, -1
2, 16, 440, 301, 6, 7, 1, -1, -1, -1
2, 14, 455, 303, 6, 4, 1, -1, -1, -1
2, 15, 483, 306, 7, 5, 1, -1, -1, -1
3, 4, 412, 208, 6, 9, 1, -1, -1, -1
3, 8, 303, 216, 17, 55, 1, -1, -1, -1
3, 11, 151, 247, 27, 50, 1, -1, -1, -1
3, 9, 246, 263, 74, 114, 1, -1, -1, -1
3, 7, 318, 198, 26, 78, 1, -1, -1, -1
3, 5, 354, 201, 9, 14, 1, -1, -1, -1
3, 6, 338, 186, 24, 65, 1, -1, -1, -1
3, 12, 121, 251, 28, 53, 1, -1, -1, -1
3, 2, 440, 257, 14, 24, 1, -1, -1, -1
3, 1, 606, 348, 16, 31, 1, -1, -1, -1
3, 13, 270, 0, 33, 179, 1, -1, -1, -1
3, 10, 206, 190, 96, 134, 1, -1, -1, -1
3, 17, 476, 171, 22, 6, 1, -1, -1, -1
3, 16, 440, 301, 6, 7, 1, -1, -1, -1
3, 14, 455, 303, 7, 4, 1, -1, -1, -1
3, 15, 484, 305, 7, 5, 1, -1, -1, -1
4, 4, 412, 208, 6, 9, 1, -1, -1, -1
4, 8, 303, 216, 17, 55, 1, -1, -1, -1
4, 11, 151, 247, 27, 50, 1, -1, -1, -1
4, 9, 246, 263, 74, 114, 1, -1, -1, -1
4, 7, 317, 198, 27, 78, 1, -1, -1, -1
4, 5, 354, 201, 9, 14, 1, -1, -1, -1
4, 6, 338, 186, 24, 65, 1, -1, -1, -1
4, 12, 121, 251, 28, 53, 1, -1, -1, -1
4, 2, 439, 256, 14, 23, 1, -1, -1, -1
4, 1, 606, 348, 16, 32, 1, -1, -1, -1
4, 13, 293, 0, 28, 127, 1, -1, -1, -1
4, 10, 206, 190, 97, 134, 1, -1, -1, -1
4, 17, 471, 173, 18, 6, 1, -1, -1, -1
4, 16, 440, 301, 6, 7, 1, -1, -1, -1
4, 14, 455, 303, 7, 5, 1, -1, -1, -1
4, 15, 484, 305, 7, 5, 1, -1, -1, -1
5, 4, 412, 208, 6, 9, 1, -1, -1, -1
5, 8, 303, 216, 16, 55, 1, -1, -1, -1
5, 11, 151, 247, 28, 50, 1, -1, -1, -1
5, 9, 246, 262, 74, 114, 1, -1, -1, -1
5, 7, 318, 198, 26, 78, 1, -1, -1, -1
5, 5, 354, 201, 9, 14, 1, -1, -1, -1
5, 6, 338, 186, 24, 65, 1, -1, -1, -1
5, 12, 121, 251, 28, 53, 1, -1, -1, -1
5, 2, 441, 255, 11, 24, 1, -1, -1, -1
5, 1, 607, 347, 15, 31, 1, -1, -1, -1
5, 13, 319, 0, 20, 102, 1, -1, -1, -1
5, 10, 206, 190, 96, 134, 1, -1, -1, -1
5, 17, 447, 175, 16, 20, 1, -1, -1, -1
5, 16, 440, 301, 6, 7, 1, -1, -1, -1
5, 14, 455, 303, 7, 5, 1, -1, -1, -1
5, 15, 484, 305, 7, 5, 1, -1, -1, -1
6, 4, 412, 208, 7, 9, 1, -1, -1, -1
6, 8, 303, 216, 16, 55, 1, -1, -1, -1
6, 11, 151, 247, 28, 50, 1, -1, -1, -1
6, 9, 246, 263, 74, 113, 1, -1, -1, -1
6, 7, 318, 198, 26, 78, 1, -1, -1, -1
6, 5, 354, 201, 9, 14, 1, -1, -1, -1
6, 6, 338, 186, 24, 64, 1, -1, -1, -1
6, 12, 121, 251, 28, 53, 1, -1, -1, -1
6, 2, 441, 255, 12, 25, 1, -1, -1, -1
6, 1, 606, 347, 16, 31, 1, -1, -1, -1
6, 13, 330, 0, 19, 91, 1, -1, -1, -1
6, 10, 206, 190, 97, 134, 1, -1, -1, -1
6, 17, 422, 190, 26, 30, 1, -1, -1, -1
6, 16, 440, 301, 6, 7, 1, -1, -1, -1
6, 14, 455, 303, 7, 5, 1, -1, -1, -1
6, 15, 484, 305, 7, 5, 1, -1, -1, -1
7, 4, 412, 208, 6, 10, 1, -1, -1, -1
7, 8, 303, 216, 17, 55, 1, -1, -1, -1
7, 11, 151, 247, 27, 50, 1, -1, -1, -1
7, 9, 246, 262, 74, 114, 1, -1, -1, -1
7, 7, 318, 198, 26, 78, 1, -1, -1, -1
7, 5, 354, 201, 9, 14, 1, -1, -1, -1
7, 6, 338, 186, 24, 65, 1, -1, -1, -1
7, 12, 121, 251, 28, 53, 1, -1, -1, -1
7, 2, 441, 260, 11, 19, 1, -1, -1, -1
7, 1, 606, 347, 16, 32, 1, -1, -1, -1
7, 13, 329, 0, 19, 90, 1, -1, -1, -1
7, 10, 206, 190, 97, 134, 1, -1, -1, -1
7, 17, 418, 218, 23, 27, 1, -1, -1, -1
7, 16, 440, 301, 7, 8, 1, -1, -1, -1
7, 14, 455, 303, 7, 5, 1, -1, -1, -1
7, 15, 484, 305, 7, 5, 1, -1, -1, -1
8, 4, 412, 208, 6, 10, 1, -1, -1, -1
8, 8, 303, 216, 16, 55, 1, -1, -1, -1
8, 11, 151, 247, 27, 50, 1, -1, -1, -1
8, 9, 246, 262, 74, 114, 1, -1, -1, -1
8, 7, 318, 198, 26, 78, 1, -1, -1, -1
8, 5, 354, 201, 9, 14, 1, -1, -1, -1
8, 6, 337, 186, 25, 65, 1, -1, -1, -1
8, 12, 121, 251, 28, 53, 1, -1, -1, -1
8, 2, 435, 262, 16, 19, 1, -1, -1, -1
8, 1, 606, 347, 16, 31, 1, -1, -1, -1
8, 13, 304, 0, 30, 108, 1, -1, -1, -1
8, 10, 206, 190, 98, 134, 1, -1, -1, -1
8, 17, 423, 232, 20, 23, 1, -1, -1, -1
8, 16, 440, 301, 6, 8, 1, -1, -1, -1
8, 14, 455, 303, 7, 5, 1, -1, -1, -1
8, 15, 484, 305, 7, 5, 1, -1, -1, -1
9, 4, 412, 208, 6, 10, 1, -1, -1, -1
9, 8, 303, 216, 17, 55, 1, -1, -1, -1
9, 11, 151, 247, 27, 50, 1, -1, -1, -1
9, 9, 246, 262, 74, 114, 1, -1, -1, -1
9, 7, 318, 198, 26, 78, 1, -1, -1, -1
9, 5, 354, 201, 9, 14, 1, -1, -1, -1
9, 6, 337, 186, 25, 66, 1, -1, -1, -1
9, 12, 121, 251, 28, 53, 1, -1, -1, -1
9, 2, 439, 256, 11, 24, 1, -1, -1, -1
9, 1, 606, 347, 16, 32, 1, -1, -1, -1
9, 13, 276, 0, 36, 145, 1, -1, -1, -1
9, 10, 206, 190, 97, 134, 1, -1, -1, -1
9, 17, 418, 232, 23, 18, 1, -1, -1, -1
9, 16, 440, 301, 6, 7, 1, -1, -1, -1
9, 14, 455, 303, 7, 5, 1, -1, -1, -1
9, 15, 484, 305, 7, 5, 1, -1, -1, -1
10, 4, 412, 208, 6, 10, 1, -1, -1, -1
10, 8, 303, 216, 17, 55, 1, -1, -1, -1
10, 11, 151, 247, 27, 50, 1, -1, -1, -1
10, 9, 246, 262, 74, 115, 1, -1, -1, -1
10, 7, 318, 198, 26, 78, 1, -1, -1, -1
10, 5, 354, 201, 9, 14, 1, -1, -1, -1
10, 6, 338, 186, 24, 66, 1, -1, -1, -1
10, 12, 121, 251, 28, 53, 1, -1, -1, -1
10, 2, 439, 255, 12, 25, 1, -1, -1, -1
10, 1, 606, 347, 16, 32, 1, -1, -1, -1
10, 13, 258, 12, 31, 165, 1, -1, -1, -1
10, 10, 206, 190, 96, 134, 1, -1, -1, -1
10, 17, 422, 222, 34, 26, 1, -1, -1, -1
10, 16, 440, 301, 6, 8, 1, -1, -1, -1
10, 14, 455, 303, 7, 5, 1, -1, -1, -1
10, 15, 484, 305, 7, 5, 1, -1, -1, -1
11, 4, 412, 208, 6, 9, 1, -1, -1, -1
11, 8, 303, 216, 17, 55, 1, -1, -1, -1
11, 11, 151, 247, 27, 50, 1, -1, -1, -1
11, 9, 246, 262, 74, 115, 1, -1, -1, -1
11, 7, 318, 198, 26, 78, 1, -1, -1, -1
11, 5, 354, 201, 9, 14, 1, -1, -1, -1
11, 6, 338, 186, 24, 66, 1, -1, -1, -1
11, 12, 121, 251, 28, 53, 1, -1, -1, -1
11, 2, 436, 253, 15, 26, 1, -1, -1, -1
11, 1, 607, 347, 15, 32, 1, -1, -1, -1
11, 13, 249, 29, 34, 160, 1, -1, -1, -1
11, 10, 206, 190, 96, 134, 1, -1, -1, -1
11, 17, 433, 219, 40, 29, 1, -1, -1, -1
11, 16, 440, 301, 7, 8, 1, -1, -1, -1
11, 14, 455, 303, 7, 5, 1, -1, -1, -1
11, 15, 484, 305, 7, 5, 1, -1, -1, -1
12, 4, 412, 208, 6, 9, 1, -1, -1, -1
12, 8, 303, 216, 17, 55, 1, -1, -1, -1
12, 11, 151, 247, 27, 50, 1, -1, -1, -1
12, 9, 246, 262, 74, 115, 1, -1, -1, -1
12, 7, 318, 198, 26, 78, 1, -1, -1, -1
12, 5, 354, 201, 9, 14, 1, -1, -1, -1
12, 6, 338, 186, 24, 66, 1, -1, -1, -1
12, 12, 121, 251, 28, 53, 1, -1, -1, -1
12, 2, 440, 253, 13, 25, 1, -1, -1, -1
12, 1, 607, 347, 15, 32, 1, -1, -1, -1
12, 13, 248, 30, 34, 159, 1, -1, -1, -1
12, 10, 206, 190, 96, 134, 1, -1, -1, -1
12, 17, 435, 217, 41, 32, 1, -1, -1, -1
12, 16, 440, 301, 6, 8, 1, -1, -1, -1
12, 14, 455, 303, 7, 5, 1, -1, -1, -1
12, 15, 484, 305, 7, 5, 1, -1, -1, -1
13, 4, 412, 208, 6, 9, 1, -1, -1, -1
13, 8, 303, 216, 17, 55, 1, -1, -1, -1
13, 11, 151, 246, 27, 51, 1, -1, -1, -1
13, 9, 246, 262, 74, 115, 1, -1, -1, -1
13, 7, 318, 198, 26, 78, 1, -1, -1, -1
13, 5, 354, 201, 9, 14, 1, -1, -1, -1
13, 6, 338, 186, 24, 66, 1, -1, -1, -1
13, 12, 121, 251, 28, 53, 1, -1, -1, -1
13, 2, 441, 253, 13, 27, 1, -1, -1, -1
13, 1, 607, 348, 15, 32, 1, -1, -1, -1
13, 13, 246, 37, 36, 151, 1, -1, -1, -1
13, 10, 206, 190, 96, 134, 1, -1, -1, -1
13, 17, 437, 212, 42, 33, 1, -1, -1, -1
13, 16, 440, 301, 6, 8, 1, -1, -1, -1
13, 14, 455, 303, 7, 5, 1, -1, -1, -1
13, 15, 484, 305, 7, 5, 1, -1, -1, -1
14, 4, 412, 208, 6, 9, 1, -1, -1, -1
14, 8, 303, 216, 17, 55, 1, -1, -1, -1
14, 11, 151, 247, 27, 50, 1, -1, -1, -1
14, 9, 246, 263, 74, 113, 1, -1, -1, -1
14, 7, 318, 198, 26, 78, 1, -1, -1, -1
14, 5, 354, 201, 9, 14, 1, -1, -1, -1
14, 6, 337, 186, 25, 64, 1, -1, -1, -1
14, 12, 121, 251, 28, 53, 1, -1, -1, -1
14, 2, 441, 254, 13, 24, 1, -1, -1, -1
14, 1, 607, 347, 15, 33, 1, -1, -1, -1
14, 13, 248, 39, 35, 148, 1, -1, -1, -1
14, 10, 207, 190, 95, 134, 1, -1, -1, -1
14, 17, 440, 209, 46, 32, 1, -1, -1, -1
14, 16, 440, 301, 6, 8, 1, -1, -1, -1
14, 14, 455, 303, 7, 5, 1, -1, -1, -1
14, 15, 483, 305, 8, 6, 1, -1, -1, -1
15, 4, 412, 208, 6, 9, 1, -1, -1, -1
15, 8, 303, 217, 17, 54, 1, -1, -1, -1
15, 11, 151, 247, 28, 50, 1, -1, -1, -1
15, 9, 246, 263, 74, 113, 1, -1, -1, -1
15, 7, 318, 198, 26, 78, 1, -1, -1, -1
15, 5, 354, 201, 9, 14, 1, -1, -1, -1
15, 6, 337, 186, 25, 65, 1, -1, -1, -1
15, 12, 121, 251, 28, 53, 1, -1, -1, -1
15, 2, 440, 256, 14, 25, 1, -1, -1, -1
15, 1, 606, 347, 16, 34, 1, -1, -1, -1
15, 13, 242, 36, 38, 152, 1, -1, -1, -1
15, 10, 206, 190, 96, 134, 1, -1, -1, -1
15, 17, 452, 205, 46, 28, 1, -1, -1, -1
15, 16, 440, 301, 6, 8, 1, -1, -1, -1
15, 14, 455, 303, 7, 5, 1, -1, -1, -1
15, 15, 484, 305, 7, 5, 1, -1, -1, -1
16, 4, 412, 208, 6, 9, 1, -1, -1, -1
16, 8, 303, 216, 17, 55, 1, -1, -1, -1
16, 11, 151, 247, 27, 50, 1, -1, -1, -1
16, 9, 246, 262, 74, 115, 1, -1, -1, -1
16, 7, 318, 198, 26, 78, 1, -1, -1, -1
16, 5, 354, 201, 9, 14, 1, -1, -1, -1
16, 6, 337, 186, 25, 65, 1, -1, -1, -1
16, 12, 120, 251, 29, 53, 1, -1, -1, -1
16, 2, 440, 256, 13, 24, 1, -1, -1, -1
16, 1, 606, 347, 16, 34, 1, -1, -1, -1
16, 13, 234, 38, 41, 150, 1, -1, -1, -1
16, 10, 206, 189, 96, 135, 1, -1, -1, -1
16, 17, 494, 205, 48, 32, 1, -1, -1, -1
16, 16, 440, 301, 6, 8, 1, -1, -1, -1
16, 14, 455, 302, 7, 6, 1, -1, -1, -1
16, 15, 483, 306, 8, 6, 1, -1, -1, -1
17, 4, 411, 208, 7, 9, 1, -1, -1, -1
17, 8, 303, 216, 17, 55, 1, -1, -1, -1
17, 11, 151, 246, 27, 51, 1, -1, -1, -1
17, 9, 246, 262, 74, 115, 1, -1, -1, -1
17, 7, 318, 198, 25, 78, 1, -1, -1, -1
17, 5, 354, 201, 9, 14, 1, -1, -1, -1
17, 6, 338, 186, 24, 65, 1, -1, -1, -1
17, 12, 121, 251, 28, 53, 1, -1, -1, -1
17, 2, 440, 256, 14, 24, 1, -1, -1, -1
17, 1, 607, 347, 15, 35, 1, -1, -1, -1
17, 13, 234, 41, 42, 147, 1, -1, -1, -1
17, 10, 206, 190, 96, 134, 1, -1, -1, -1
17, 16, 440, 301, 6, 8, 1, -1, -1, -1
17, 14, 454, 303, 7, 6, 1, -1, -1, -1
17, 15, 483, 306, 8, 6, 1, -1, -1, -1
18, 4, 412, 208, 6, 9, 1, -1, -1, -1
18, 8, 303, 216, 17, 55, 1, -1, -1, -1
18, 11, 151, 247, 27, 50, 1, -1, -1, -1
18, 9, 246, 263, 74, 114, 1, -1, -1, -1
18, 7, 318, 198, 26, 78, 1, -1, -1, -1
18, 5, 354, 201, 9, 14, 1, -1, -1, -1
18, 6, 337, 186, 25, 64, 1, -1, -1, -1
18, 12, 121, 251, 28, 53, 1, -1, -1, -1
18, 2, 440, 256, 14, 24, 1, -1, -1, -1
18, 13, 236, 38, 41, 150, 1, -1, -1, -1
18, 10, 206, 190, 96, 134, 1, -1, -1, -1
18, 16, 440, 301, 6, 8, 1, -1, -1, -1
18, 14, 456, 303, 6, 4, 1, -1, -1, -1
18, 15, 483, 306, 8, 5, 1, -1, -1, -1
19, 4, 411, 208, 7, 9, 1, -1, -1, -1
19, 8, 303, 216, 16, 55, 1, -1, -1, -1
19, 11, 151, 247, 27, 50, 1, -1, -1, -1
19, 9, 246, 262, 74, 115, 1, -1, -1, -1
19, 7, 317, 198, 27, 78, 1, -1, -1, -1
19, 5, 354, 201, 9, 14, 1, -1, -1, -1
19, 6, 337, 186, 25, 64, 1, -1, -1, -1
19, 12, 121, 251, 28, 53, 1, -1, -1, -1
19, 2, 440, 256, 14, 24, 1, -1, -1, -1
19, 1, 600, 348, 14, 32, 1, -1, -1, -1
19, 13, 237, 38, 39, 150, 1, -1, -1, -1
19, 10, 206, 190, 96, 134, 1, -1, -1, -1
19, 16, 440, 301, 7, 8, 1, -1, -1, -1
19, 14, 453, 303, 8, 6, 1, -1, -1, -1
19, 15, 483, 305, 8, 6, 1, -1, -1, -1
20, 4, 411, 208, 7, 9, 1, -1, -1, -1
20, 8, 303, 216, 16, 55, 1, -1, -1, -1
20, 11, 151, 246, 27, 51, 1, -1, -1, -1
20, 9, 246, 263, 74, 114, 1, -1, -1, -1
20, 7, 318, 198, 26, 78, 1, -1, -1, -1
20, 5, 354, 201, 9, 14, 1, -1, -1, -1
20, 6, 337, 186, 25, 66, 1, -1, -1, -1
20, 12, 121, 251, 28, 53, 1, -1, -1, -1
20, 2, 440, 256, 14, 24, 1, -1, -1, -1
20, 13, 233, 38, 42, 150, 1, -1, -1, -1
20, 10, 206, 190, 97, 134, 1, -1, -1, -1
20, 16, 440, 301, 7, 8, 1, -1, -1, -1
20, 14, 453, 303, 8, 6, 1, -1, -1, -1
20, 15, 483, 305, 8, 6, 1, -1, -1, -1
21, 4, 412, 208, 6, 9, 1, -1, -1, -1
21, 8, 303, 216, 17, 55, 1, -1, -1, -1
21, 11, 151, 247, 27, 50, 1, -1, -1, -1
21, 9, 246, 263, 74, 114, 1, -1, -1, -1
21, 7, 318, 198, 26, 78, 1, -1, -1, -1
21, 5, 354, 201, 9, 14, 1, -1, -1, -1
21, 6, 337, 186, 25, 65, 1, -1, -1, -1
21, 12, 121, 251, 28, 53, 1, -1, -1, -1
21, 2, 440, 256, 13, 24, 1, -1, -1, -1
21, 13, 233, 39, 42, 149, 1, -1, -1, -1
21, 10, 206, 190, 96, 134, 1, -1, -1, -1
21, 16, 440, 301, 7, 8, 1, -1, -1, -1
21, 14, 453, 303, 8, 6, 1, -1, -1, -1
21, 15, 483, 306, 8, 6, 1, -1, -1, -1
22, 4, 411, 208, 7, 9, 1, -1, -1, -1
22, 8, 303, 216, 17, 55, 1, -1, -1, -1
22, 11, 151, 247, 28, 50, 1, -1, -1, -1
22, 9, 246, 262, 74, 115, 1, -1, -1, -1
22, 7, 318, 198, 26, 78, 1, -1, -1, -1
22, 5, 354, 201, 9, 14, 1, -1, -1, -1
22, 6, 337, 186, 25, 65, 1, -1, -1, -1
22, 12, 121, 251, 28, 53, 1, -1, -1, -1
22, 2, 440, 256, 13, 24, 1, -1, -1, -1
22, 13, 233, 42, 42, 146, 1, -1, -1, -1
22, 10, 206, 189, 96, 135, 1, -1, -1, -1
22, 17, 563, 189, 33, 20, 1, -1, -1, -1
22, 16, 440, 301, 6, 8, 1, -1, -1, -1
22, 14, 455, 303, 7, 5, 1, -1, -1, -1
22, 15, 483, 306, 8, 6, 1, -1, -1, -1
23, 4, 412, 208, 6, 9, 1, -1, -1, -1
23, 8, 303, 216, 17, 55, 1, -1, -1, -1
23, 11, 151, 247, 27, 50, 1, -1, -1, -1
23, 9, 246, 262, 74, 115, 1, -1, -1, -1
23, 7, 318, 198, 26, 78, 1, -1, -1, -1
23, 5, 354, 201, 9, 14, 1, -1, -1, -1
23, 6, 337, 186, 25, 66, 1, -1, -1, -1
23, 12, 121, 251, 28, 53, 1, -1, -1, -1
23, 2, 440, 256, 13, 23, 1, -1, -1, -1
23, 13, 233, 42, 42, 146, 1, -1, -1, -1
23, 10, 206, 190, 96, 134, 1, -1, -1, -1
23, 17, 521, 204, 20, 10, 1, -1, -1, -1
23, 16, 440, 301, 6, 8, 1, -1, -1, -1
23, 14, 455, 303, 7, 5, 1, -1, -1, -1
23, 15, 483, 305, 7, 7, 1, -1, -1, -1
24, 4, 412, 208, 6, 9, 1, -1, -1, -1
24, 8, 303, 216, 17, 55, 1, -1, -1, -1
24, 11, 151, 246, 27, 51, 1, -1, -1, -1
24, 9, 246, 263, 74, 114, 1, -1, -1, -1
24, 7, 318, 198, 26, 78, 1, -1, -1, -1
24, 5, 354, 201, 9, 14, 1, -1, -1, -1
24, 6, 337, 186, 25, 64, 1, -1, -1, -1
24, 12, 121, 251, 28, 53, 1, -1, -1, -1
24, 2, 440, 256, 13, 23, 1, -1, -1, -1
24, 13, 240, 35, 38, 153, 1, -1, -1, -1
24, 10, 206, 189, 96, 135, 1, -1, -1, -1
24, 17, 518, 151, 16, 22, 1, -1, -1, -1
24, 16, 440, 301, 6, 8, 1, -1, -1, -1
24, 14, 455, 303, 7, 4, 1, -1, -1, -1
24, 15, 483, 305, 8, 7, 1, -1, -1, -1
25, 4, 412, 208, 6, 9, 1, -1, -1, -1
25, 8, 303, 216, 16, 55, 1, -1, -1, -1
25, 11, 151, 247, 27, 50, 1, -1, -1, -1
25, 9, 246, 263, 74, 113, 1, -1, -1, -1
25, 7, 318, 198, 26, 78, 1, -1, -1, -1
25, 5, 354, 201, 8, 14, 1, -1, -1, -1
25, 6, 337, 186, 25, 66, 1, -1, -1, -1
25, 12, 121, 251, 28, 53, 1, -1, -1, -1
25, 2, 440, 256, 13, 22, 1, -1, -1, -1
25, 13, 256, 0, 34, 188, 1, -1, -1, -1
25, 10, 206, 190, 97, 134, 1, -1, -1, -1
25, 17, 510, 129, 17, 22, 1, -1, -1, -1
25, 16, 440, 301, 6, 8, 1, -1, -1, -1
25, 14, 455, 303, 7, 5, 1, -1, -1, -1
25, 15, 483, 306, 8, 6, 1, -1, -1, -1
26, 4, 412, 208, 6, 9, 1, -1, -1, -1
26, 8, 303, 216, 17, 55, 1, -1, -1, -1
26, 11, 151, 247, 27, 50, 1, -1, -1, -1
26, 9, 246, 263, 74, 113, 1, -1, -1, -1
26, 7, 318, 198, 26, 78, 1, -1, -1, -1
26, 5, 354, 201, 8, 14, 1, -1, -1, -1
26, 6, 338, 186, 24, 65, 1, -1, -1, -1
26, 12, 121, 251, 28, 53, 1, -1, -1, -1
26, 2, 440, 256, 13, 23, 1, -1, -1, -1
26, 13, 295, 1, 23, 140, 1, -1, -1, -1
26, 10, 206, 190, 96, 134, 1, -1, -1, -1
26, 17, 479, 142, 29, 18, 1, -1, -1, -1
26, 16, 440, 301, 7, 8, 1, -1, -1, -1
26, 14, 455, 303, 7, 5, 1, -1, -1, -1
26, 15, 482, 306, 8, 7, 1, -1, -1, -1
27, 4, 412, 208, 6, 9, 1, -1, -1, -1
27, 8, 303, 216, 16, 55, 1, -1, -1, -1
27, 11, 151, 247, 27, 50, 1, -1, -1, -1
27, 9, 246, 263, 74, 114, 1, -1, -1, -1
27, 7, 318, 198, 26, 78, 1, -1, -1, -1
27, 5, 354, 201, 8, 14, 1, -1, -1, -1
27, 6, 337, 186, 25, 65, 1, -1, -1, -1
27, 12, 121, 251, 28, 53, 1, -1, -1, -1
27, 2, 440, 256, 13, 23, 1, -1, -1, -1
27, 13, 312, 0, 26, 135, 1, -1, -1, -1
27, 10, 206, 190, 96, 134, 1, -1, -1, -1
27, 17, 473, 153, 15, 15, 1, -1, -1, -1
27, 16, 440, 301, 7, 8, 1, -1, -1, -1
27, 14, 453, 303, 8, 7, 1, -1, -1, -1
27, 15, 482, 306, 9, 6, 1, -1, -1, -1
28, 4, 412, 208, 6, 9, 1, -1, -1, -1
28, 8, 303, 216, 17, 55, 1, -1, -1, -1
28, 11, 151, 247, 27, 50, 1, -1, -1, -1
28, 9, 246, 263, 74, 114, 1, -1, -1, -1
28, 7, 317, 198, 27, 78, 1, -1, -1, -1
28, 5, 354, 201, 9, 14, 1, -1, -1, -1
28, 6, 337, 186, 25, 65, 1, -1, -1, -1
28, 12, 121, 251, 28, 53, 1, -1, -1, -1
28, 2, 440, 256, 13, 24, 1, -1, -1, -1
28, 13, 334, 0, 18, 132, 1, -1, -1, -1
28, 10, 206, 190, 96, 134, 1, -1, -1, -1
28, 17, 485, 137, 22, 14, 1, -1, -1, -1
28, 16, 440, 301, 6, 8, 1, -1, -1, -1
28, 14, 455, 303, 7, 5, 1, -1, -1, -1
28, 15, 483, 306, 8, 6, 1, -1, -1, -1
29, 4, 411, 208, 7, 9, 1, -1, -1, -1
29, 8, 303, 216, 17, 55, 1, -1, -1, -1
29, 11, 151, 247, 27, 50, 1, -1, -1, -1
29, 9, 246, 263, 74, 114, 1, -1, -1, -1
29, 7, 318, 198, 26, 78, 1, -1, -1, -1
29, 5, 354, 201, 9, 14, 1, -1, -1, -1
29, 6, 337, 186, 25, 64, 1, -1, -1, -1
29, 12, 121, 251, 28, 53, 1, -1, -1, -1
29, 2, 440, 256, 13, 23, 1, -1, -1, -1
29, 13, 346, 0, 35, 159, 1, -1, -1, -1
29, 10, 206, 190, 97, 134, 1, -1, -1, -1
29, 17, 493, 132, 17, 14, 1, -1, -1, -1
29, 16, 440, 301, 6, 8, 1, -1, -1, -1
29, 14, 455, 303, 7, 5, 1, -1, -1, -1
29, 15, 482, 306, 9, 7, 1, -1, -1, -1
30, 4, 411, 208, 7, 9, 1, -1, -1, -1
30, 8, 303, 216, 17, 55, 1, -1, -1, -1
30, 11, 151, 247, 27, 50, 1, -1, -1, -1
30, 9, 246, 263, 74, 113, 1, -1, -1, -1
30, 7, 317, 198, 27, 78, 1, -1, -1, -1
30, 5, 354, 201, 9, 14, 1, -1, -1, -1
30, 6, 337, 186, 25, 64, 1, -1, -1, -1
30, 12, 121, 251, 28, 53, 1, -1, -1, -1
30, 2, 440, 256, 13, 22, 1, -1, -1, -1
30, 13, 351, 0, 26, 112, 1, -1, -1, -1
30, 10, 206, 190, 96, 134, 1, -1, -1, -1
30, 17, 496, 130, 16, 16, 1, -1, -1, -1
30, 16, 440, 301, 6, 8, 1, -1, -1, -1
30, 14, 455, 303, 7, 5, 1, -1, -1, -1
30, 15, 482, 306, 9, 6, 1, -1, -1, -1
