1, 3, 177, 179, 92, 127, 1, -1, -1, -1
1, 5, 232, 260, 73, 23, 1, -1, -1, -1
1, 9, 286, 194, 27, 35, 1, -1, -1, -1
1, 8, 279, 187, 25, 17, 1, -1, -1, -1
1, 7, 347, 196, 42, 81, 1, -1, -1, -1
1, 6, 316, 233, 51, 90, 1, -1, -1, -1
1, 1, 130, 247, 29, 52, 1, -1, -1, -1
1, 2, 161, 244, 28, 53, 1, -1, -1, -1
1, 4, 261, 205, 54, 105, 1, -1, -1, -1
1, 10, 298, 181, 22, 60, 1, -1, -1, -1
1, 11, 255, 39, 41, 147, 1, -1, -1, -1
2, 3, 177, 180, 92, 126, 1, -1, -1, -1
2, 5, 232, 260, 73, 22, 1, -1, -1, -1
2, 9, 287, 194, 26, 34, 1, -1, -1, -1
2, 8, 279, 187, 24, 17, 1, -1, -1, -1
2, 7, 342, 171, 46, 104, 1, -1, -1, -1
2, 6, 317, 232, 51, 90, 1, -1, -1, -1
2, 1, 131, 247, 29, 52, 1, -1, -1, -1
2, 2, 161, 244, 27, 53, 1, -1, -1, -1
2, 4, 261, 205, 53, 104, 1, -1, -1, -1
2, 10, 298, 181, 22, 60, 1, -1, -1, -1
2, 11, 255, 39, 41, 147, 1, -1, -1, -1
3, 3, 177, 180, 91, 126, 1, -1, -1, -1
3, 5, 232, 260, 72, 22, 1, -1, -1, -1
3, 9, 287, 194, 27, 32, 1, -1, -1, -1
3, 8, 279, 187, 24, 17, 1, -1, -1, -1
3, 7, 344, 195, 45, 81, 1, -1, -1, -1
3, 6, 317, 232, 51, 90, 1, -1, -1, -1
3, 1, 131, 247, 29, 52, 1, -1, -1, -1
3, 2, 161, 244, 28, 53, 1, -1, -1, -1
3, 4, 262, 205, 51, 103, 1, -1, -1, -1
3, 10, 299, 185, 21, 53, 1, -1, -1, -1
3, 11, 254, 38, 41, 148, 1, -1, -1, -1
4, 3, 177, 180, 92, 126, 1, -1, -1, -1
4, 5, 232, 260, 72, 22, 1, -1, -1, -1
4, 9, 287, 193, 25, 32, 1, -1, -1, -1
4, 8, 280, 187, 23, 17, 1, -1, -1, -1
4, 7, 347, 195, 41, 81, 1, -1, -1, -1
4, 6, 317, 232, 51, 90, 1, -1, -1, -1
4, 1, 131, 247, 29, 52, 1, -1, -1, -1
4, 2, 161, 244, 28, 53, 1, -1, -1, -1
4, 4, 262, 205, 51, 103, 1, -1, -1, -1
4, 10, 350, 168, 61, 34, 1, -1, -1, -1
4, 11, 252, 34, 41, 152, 1, -1, -1, -1
5, 3, 177, 180, 92, 126, 1, -1, -1, -1
5, 5, 232, 261, 72, 21, 1, -1, -1, -1
5, 9, 287, 194, 25, 30, 1, -1, -1, -1
5, 8, 279, 187, 24, 16, 1, -1, -1, -1
5, 7, 347, 195, 40, 80, 1, -1, -1, -1
5, 6, 317, 232, 51, 90, 1, -1, -1, -1
5, 1, 131, 248, 29, 51, 1, -1, -1, -1
5, 2, 161, 244, 28, 53, 1, -1, -1, -1
5, 4, 262, 205, 51, 103, 1, -1, -1, -1
5, 10, 350, 152, 61, 47, 1, -1, -1, -1
5, 11, 286, 0, 26, 177, 1, -1, -1, -1
6, 3, 177, 180, 92, 126, 1, -1, -1, -1
6, 5, 232, 260, 72, 22, 1, -1, -1, -1
6, 9, 287, 194, 25, 30, 1, -1, -1, -1
6, 8, 279, 187, 23, 17, 1, -1, -1, -1
6, 7, 347, 196, 41, 79, 1, -1, -1, -1
6, 6, 317, 232, 51, 90, 1, -1, -1, -1
6, 1, 131, 248, 29, 51, 1, -1, -1, -1
6, 2, 161, 244, 28, 54, 1, -1, -1, -1
6, 4, 262, 205, 52, 104, 1, -1, -1, -1
6, 10, 339, 0, 18, 124, 1, -1, -1, -1
6, 11, 338, 0, 18, 128, 1, -1, -1, -1
7, 3, 177, 180, 91, 126, 1, -1, -1, -1
7, 5, 232, 261, 72, 21, 1, -1, -1, -1
7, 9, 287, 194, 25, 29, 1, -1, -1, -1
7, 8, 279, 186, 23, 17, 1, -1, -1, -1
7, 7, 348, 195, 40, 80, 1, -1, -1, -1
7, 6, 317, 232, 51, 90, 1, -1, -1, -1
7, 1, 131, 248, 29, 51, 1, -1, -1, -1
7, 2, 161, 244, 28, 54, 1, -1, -1, -1
7, 4, 261, 205, 52, 104, 1, -1, -1, -1
7, 10, 348, 21, 42, 158, 1, -1, -1, -1
7, 11, 353, 13, 19, 87, 1, -1, -1, -1
8, 3, 178, 180, 91, 126, 1, -1, -1, -1
8, 5, 232, 261, 72, 21, 1, -1, -1, -1
8, 9, 287, 195, 25, 29, 1, -1, -1, -1
8, 8, 279, 187, 23, 16, 1, -1, -1, -1
8, 7, 348, 196, 40, 79, 1, -1, -1, -1
8, 6, 317, 232, 51, 91, 1, -1, -1, -1
8, 1, 131, 248, 29, 51, 1, -1, -1, -1
8, 2, 161, 244, 28, 53, 1, -1, -1, -1
8, 4, 261, 205, 52, 103, 1, -1, -1, -1
8, 10, 368, 35, 23, 140, 1, -1, -1, -1
8, 11, 365, 33, 26, 142, 1, -1, -1, -1
9, 3, 178, 180, 91, 126, 1, -1, -1, -1
9, 5, 232, 261, 72, 21, 1, -1, -1, -1
9, 9, 287, 195, 25, 29, 1, -1, -1, -1
9, 8, 279, 187, 23, 16, 1, -1, -1, -1
9, 7, 348, 195, 41, 80, 1, -1, -1, -1
9, 6, 317, 232, 51, 90, 1, -1, -1, -1
9, 1, 131, 248, 29, 51, 1, -1, -1, -1
9, 2, 161, 244, 28, 53, 1, -1, -1, -1
9, 4, 261, 205, 52, 104, 1, -1, -1, -1
9, 10, 378, 113, 13, 61, 1, -1, -1, -1
9, 11, 365, 0, 23, 201, 1, -1, -1, -1
10, 3, 178, 180, 90, 126, 1, -1, -1, -1
10, 5, 232, 261, 73, 21, 1, -1, -1, -1
10, 9, 287, 195, 25, 29, 1, -1, -1, -1
10, 8, 279, 186, 24, 17, 1, -1, -1, -1
10, 7, 348, 192, 42, 82, 1, -1, -1, -1
10, 6, 317, 233, 50, 89, 1, -1, -1, -1
10, 1, 131, 247, 29, 52, 1, -1, -1, -1
10, 2, 161, 244, 27, 53, 1, -1, -1, -1
10, 4, 262, 205, 52, 104, 1, -1, -1, -1
10, 10, 347, 32, 42, 148, 1, -1, -1, -1
10, 11, 358, 23, 25, 193, 1, -1, -1, -1
11, 3, 178, 180, 91, 126, 1, -1, -1, -1
11, 5, 232, 261, 73, 21, 1, -1, -1, -1
11, 9, 287, 195, 25, 29, 1, -1, -1, -1
11, 8, 279, 186, 23, 17, 1, -1, -1, -1
11, 7, 348, 196, 41, 79, 1, -1, -1, -1
11, 6, 317, 233, 50, 89, 1, -1, -1, -1
11, 1, 131, 247, 29, 52, 1, -1, -1, -1
11, 2, 161, 244, 27, 53, 1, -1, -1, -1
11, 4, 262, 205, 51, 103, 1, -1, -1, -1
11, 10, 350, 49, 32, 131, 1, -1, -1, -1
11, 11, 355, 47, 26, 161, 1, -1, -1, -1
12, 3, 178, 180, 91, 126, 1, -1, -1, -1
12, 5, 232, 261, 73, 21, 1, -1, -1, -1
12, 9, 287, 194, 25, 30, 1, -1, -1, -1
12, 8, 279, 186, 23, 17, 1, -1, -1, -1
12, 7, 348, 197, 41, 78, 1, -1, -1, -1
12, 6, 317, 233, 50, 89, 1, -1, -1, -1
12, 1, 131, 248, 29, 51, 1, -1, -1, -1
12, 2, 161, 244, 27, 53, 1, -1, -1, -1
12, 4, 262, 205, 51, 103, 1, -1, -1, -1
12, 10, 355, 57, 25, 26, 1, -1, -1, -1
12, 11, 354, 55, 26, 161, 1, -1, -1, -1
13, 3, 178, 180, 90, 126, 1, -1, -1, -1
13, 5, 232, 261, 73, 21, 1, -1, -1, -1
13, 9, 287, 194, 25, 30, 1, -1, -1, -1
13, 8, 279, 187, 23, 16, 1, -1, -1, -1
13, 7, 349, 196, 40, 79, 1, -1, -1, -1
13, 6, 317, 233, 51, 89, 1, -1, -1, -1
13, 1, 131, 248, 29, 51, 1, -1, -1, -1
13, 2, 161, 244, 27, 53, 1, -1, -1, -1
13, 4, 263, 205, 51, 104, 1, -1, -1, -1
13, 10, 354, 55, 25, 29, 1, -1, -1, -1
13, 11, 354, 55, 26, 150, 1, -1, -1, -1
14, 3, 178, 180, 90, 126, 1, -1, -1, -1
14, 5, 232, 261, 73, 21, 1, -1, -1, -1
14, 9, 287, 194, 25, 30, 1, -1, -1, -1
14, 8, 279, 187, 23, 16, 1, -1, -1, -1
14, 7, 349, 195, 40, 80, 1, -1, -1, -1
14, 6, 317, 233, 50, 89, 1, -1, -1, -1
14, 1, 131, 248, 29, 51, 1, -1, -1, -1
14, 2, 161, 244, 27, 54, 1, -1, -1, -1
14, 4, 263, 205, 51, 104, 1, -1, -1, -1
14, 10, 353, 59, 25, 27, 1, -1, -1, -1
14, 11, 353, 53, 27, 154, 1, -1, -1, -1
15, 3, 178, 180, 91, 126, 1, -1, -1, -1
15, 5, 232, 261, 73, 21, 1, -1, -1, -1
15, 9, 287, 194, 25, 30, 1, -1, -1, -1
15, 8, 279, 187, 23, 16, 1, -1, -1, -1
15, 7, 348, 195, 41, 80, 1, -1, -1, -1
15, 6, 317, 233, 51, 89, 1, -1, -1, -1
15, 1, 130, 248, 29, 51, 1, -1, -1, -1
15, 2, 161, 244, 28, 53, 1, -1, -1, -1
15, 4, 262, 205, 51, 103, 1, -1, -1, -1
15, 10, 354, 51, 25, 34, 1, -1, -1, -1
15, 11, 354, 48, 26, 158, 1, -1, -1, -1
16, 3, 178, 180, 91, 126, 1, -1, -1, -1
16, 5, 232, 261, 73, 20, 1, -1, -1, -1
16, 9, 287, 194, 25, 30, 1, -1, -1, -1
16, 8, 279, 187, 23, 16, 1, -1, -1, -1
16, 7, 348, 196, 41, 79, 1, -1, -1, -1
16, 6, 317, 233, 51, 89, 1, -1, -1, -1
16, 1, 130, 248, 29, 51, 1, -1, -1, -1
16, 2, 161, 244, 27, 53, 1, -1, -1, -1
16, 4, 262, 205, 51, 103, 1, -1, -1, -1
16, 10, 355, 46, 24, 39, 1, -1, -1, -1
16, 11, 355, 45, 25, 163, 1, -1, -1, -1
17, 3, 178, 180, 91, 126, 1, -1, -1, -1
17, 5, 232, 261, 73, 21, 1, -1, -1, -1
17, 9, 287, 194, 25, 30, 1, -1, -1, -1
17, 8, 279, 187, 23, 16, 1, -1, -1, -1
17, 7, 348, 195, 41, 80, 1, -1, -1, -1
17, 6, 317, 233, 51, 89, 1, -1, -1, -1
17, 1, 131, 248, 29, 51, 1, -1, -1, -1
17, 2, 161, 244, 27, 54, 1, -1, -1, -1
17, 4, 262, 205, 51, 103, 1, -1, -1, -1
17, 10, 355, 45, 25, 40, 1, -1, -1, -1
17, 11, 355, 44, 26, 164, 1, -1, -1, -1
18, 3, 177, 180, 91, 126, 1, -1, -1, -1
18, 5, 232, 261, 73, 21, 1, -1, -1, -1
18, 9, 287, 195, 25, 28, 1, -1, -1, -1
18, 8, 279, 187, 24, 17, 1, -1, -1, -1
18, 7, 348, 196, 41, 79, 1, -1, -1, -1
18, 6, 317, 233, 50, 89, 1, -1, -1, -1
18, 1, 131, 248, 29, 51, 1, -1, -1, -1
18, 2, 161, 244, 27, 53, 1, -1, -1, -1
18, 4, 263, 205, 50, 103, 1, -1, -1, -1
18, 10, 356, 44, 24, 42, 1, -1, -1, -1
18, 11, 356, 43, 24, 165, 1, -1, -1, -1
19, 3, 178, 180, 91, 126, 1, -1, -1, -1
19, 5, 232, 261, 73, 21, 1, -1, -1, -1
19, 9, 287, 195, 25, 28, 1, -1, -1, -1
19, 8, 279, 187, 24, 16, 1, -1, -1, -1
19, 7, 348, 196, 41, 79, 1, -1, -1, -1
19, 6, 317, 233, 51, 89, 1, -1, -1, -1
19, 1, 130, 248, 29, 51, 1, -1, -1, -1
19, 2, 161, 244, 27, 53, 1, -1, -1, -1
19, 4, 263, 205, 50, 103, 1, -1, -1, -1
19, 10, 357, 45, 23, 41, 1, -1, -1, -1
19, 11, 357, 44, 24, 164, 1, -1, -1, -1
20, 3, 178, 180, 90, 126, 1, -1, -1, -1
20, 5, 232, 261, 73, 20, 1, -1, -1, -1
20, 9, 287, 194, 25, 29, 1, -1, -1, -1
20, 8, 279, 187, 24, 16, 1, -1, -1, -1
20, 7, 348, 198, 41, 77, 1, -1, -1, -1
20, 6, 318, 233, 49, 89, 1, -1, -1, -1
20, 1, 130, 248, 29, 51, 1, -1, -1, -1
20, 2, 161, 244, 27, 53, 1, -1, -1, -1
20, 4, 263, 205, 51, 103, 1, -1, -1, -1
20, 10, 357, 44, 23, 41, 1, -1, -1, -1
20, 11, 357, 43, 24, 164, 1, -1, -1, -1
21, 3, 178, 180, 90, 126, 1, -1, -1, -1
21, 5, 232, 261, 73, 20, 1, -1, -1, -1
21, 9, 287, 194, 25, 29, 1, -1, -1, -1
21, 8, 279, 187, 24, 16, 1, -1, -1, -1
21, 7, 348, 196, 41, 79, 1, -1, -1, -1
21, 6, 317, 233, 50, 89, 1, -1, -1, -1
21, 1, 131, 248, 29, 51, 1, -1, -1, -1
21, 2, 161, 244, 28, 54, 1, -1, -1, -1
21, 4, 263, 205, 50, 103, 1, -1, -1, -1
21, 10, 357, 44, 23, 41, 1, -1, -1, -1
21, 11, 357, 42, 24, 165, 1, -1, -1, -1
22, 3, 178, 180, 91, 126, 1, -1, -1, -1
22, 5, 232, 261, 72, 20, 1, -1, -1, -1
22, 9, 287, 194, 25, 30, 1, -1, -1, -1
22, 8, 279, 187, 24, 16, 1, -1, -1, -1
22, 7, 348, 195, 41, 81, 1, -1, -1, -1
22, 6, 317, 233, 50, 89, 1, -1, -1, -1
22, 1, 131, 248, 29, 51, 1, -1, -1, -1
22, 2, 161, 244, 28, 54, 1, -1, -1, -1
22, 4, 262, 205, 51, 103, 1, -1, -1, -1
22, 10, 357, 41, 23, 42, 1, -1, -1, -1
22, 11, 357, 40, 23, 161, 1, -1, -1, -1
23, 3, 178, 180, 91, 126, 1, -1, -1, -1
23, 5, 232, 261, 73, 20, 1, -1, -1, -1
23, 9, 287, 194, 25, 30, 1, -1, -1, -1
23, 8, 279, 187, 24, 17, 1, -1, -1, -1
23, 7, 348, 192, 41, 84, 1, -1, -1, -1
23, 6, 317, 233, 50, 89, 1, -1, -1, -1
23, 1, 131, 248, 29, 51, 1, -1, -1, -1
23, 2, 161, 244, 28, 54, 1, -1, -1, -1
23, 4, 262, 205, 51, 103, 1, -1, -1, -1
23, 10, 358, 27, 23, 41, 1, -1, -1, -1
23, 11, 357, 26, 25, 194, 1, -1, -1, -1
24, 3, 178, 179, 91, 127, 1, -1, -1, -1
24, 5, 232, 261, 73, 20, 1, -1, -1, -1
24, 9, 287, 195, 25, 28, 1, -1, -1, -1
24, 8, 279, 186, 24, 18, 1, -1, -1, -1
24, 7, 349, 194, 40, 81, 1, -1, -1, -1
24, 6, 317, 233, 50, 89, 1, -1, -1, -1
24, 1, 131, 248, 29, 51, 1, -1, -1, -1
24, 2, 161, 244, 27, 53, 1, -1, -1, -1
24, 4, 262, 205, 51, 103, 1, -1, -1, -1
24, 10, 357, 9, 22, 37, 1, -1, -1, -1
24, 11, 357, 8, 23, 199, 1, -1, -1, -1
25, 3, 178, 180, 90, 126, 1, -1, -1, -1
25, 5, 232, 261, 72, 20, 1, -1, -1, -1
25, 9, 287, 195, 25, 28, 1, -1, -1, -1
25, 8, 279, 187, 24, 16, 1, -1, -1, -1
25, 7, 348, 199, 40, 77, 1, -1, -1, -1
25, 6, 317, 232, 51, 90, 1, -1, -1, -1
25, 1, 130, 248, 29, 51, 1, -1, -1, -1
25, 2, 161, 244, 27, 53, 1, -1, -1, -1
25, 4, 262, 205, 51, 104, 1, -1, -1, -1
25, 10, 351, 0, 17, 4, 1, -1, -1, -1
25, 11, 352, 0, 23, 199, 1, -1, -1, -1
26, 3, 178, 180, 91, 126, 1, -1, -1, -1
26, 5, 232, 260, 73, 21, 1, -1, -1, -1
26, 9, 287, 195, 26, 28, 1, -1, -1, -1
26, 8, 279, 186, 24, 18, 1, -1, -1, -1
26, 7, 348, 196, 40, 80, 1, -1, -1, -1
26, 6, 317, 232, 51, 90, 1, -1, -1, -1
26, 1, 131, 248, 28, 51, 1, -1, -1, -1
26, 2, 161, 244, 27, 53, 1, -1, -1, -1
26, 4, 263, 205, 51, 104, 1, -1, -1, -1
26, 10, 352, 33, 39, 142, 1, -1, -1, -1
26, 11, 352, 32, 39, 143, 1, -1, -1, -1
27, 3, 178, 180, 91, 126, 1, -1, -1, -1
27, 5, 232, 261, 72, 21, 1, -1, -1, -1
27, 9, 287, 194, 25, 30, 1, -1, -1, -1
27, 8, 279, 187, 23, 17, 1, -1, -1, -1
27, 7, 348, 196, 39, 78, 1, -1, -1, -1
27, 6, 317, 232, 51, 90, 1, -1, -1, -1
27, 1, 131, 248, 29, 51, 1, -1, -1, -1
27, 2, 161, 244, 27, 53, 1, -1, -1, -1
27, 4, 262, 205, 51, 103, 1, -1, -1, -1
27, 10, 356, 22, 37, 74, 1, -1, -1, -1
27, 11, 354, 21, 40, 76, 1, -1, -1, -1
28, 3, 177, 180, 92, 126, 1, -1, -1, -1
28, 5, 232, 261, 72, 21, 1, -1, -1, -1
28, 9, 287, 194, 26, 30, 1, -1, -1, -1
28, 8, 279, 187, 23, 17, 1, -1, -1, -1
28, 7, 347, 196, 40, 78, 1, -1, -1, -1
28, 6, 317, 232, 51, 90, 1, -1, -1, -1
28, 1, 131, 248, 29, 51, 1, -1, -1, -1
28, 2, 161, 244, 27, 53, 1, -1, -1, -1
28, 4, 262, 205, 50, 103, 1, -1, -1, -1
28, 10, 356, 22, 45, 71, 1, -1, -1, -1
28, 11, 357, 23, 84, 128, 1, -1, -1, -1
29, 3, 177, 180, 91, 126, 1, -1, -1, -1
29, 5, 232, 261, 72, 21, 1, -1, -1, -1
29, 9, 287, 194, 25, 30, 1, -1, -1, -1
29, 8, 279, 187, 23, 17, 1, -1, -1, -1
29, 7, 348, 196, 40, 78, 1, -1, -1, -1
29, 6, 317, 232, 51, 90, 1, -1, -1, -1
29, 1, 131, 248, 29, 51, 1, -1, -1, -1
29, 2, 161, 244, 27, 53, 1, -1, -1, -1
29, 4, 261, 205, 52, 103, 1, -1, -1, -1
29, 10, 358, 30, 48, 72, 1, -1, -1, -1
29, 11, 358, 30, 51, 81, 1, -1, -1, -1
30, 3, 177, 179, 91, 127, 1, -1, -1, -1
30, 5, 232, 261, 72, 20, 1, -1, -1, -1
30, 9, 287, 194, 25, 30, 1, -1, -1, -1
30, 8, 279, 187, 23, 17, 1, -1, -1, -1
30, 7, 347, 196, 41, 80, 1, -1, -1, -1
30, 6, 317, 232, 51, 90, 1, -1, -1, -1
30, 1, 131, 248, 29, 51, 1, -1, -1, -1
30, 2, 161, 244, 27, 53, 1, -1, -1, -1
30, 4, 261, 205, 52, 103, 1, -1, -1, -1
30, 10, 364, 37, 50, 74, 1, -1, -1, -1
30, 11, 364, 36, 52, 79, 1, -1, -1, -1
31, 3, 177, 179, 91, 127, 1, -1, -1, -1
31, 5, 232, 261, 72, 20, 1, -1, -1, -1
31, 9, 287, 194, 25, 30, 1, -1, -1, -1
31, 8, 279, 187, 24, 17, 1, -1, -1, -1
31, 7, 347, 196, 41, 80, 1, -1, -1, -1
31, 6, 317, 232, 51, 90, 1, -1, -1, -1
31, 1, 131, 248, 29, 51, 1, -1, -1, -1
31, 2, 161, 244, 27, 54, 1, -1, -1, -1
31, 4, 262, 206, 51, 102, 1, -1, -1, -1
31, 10, 368, 43, 56, 81, 1, -1, -1, -1
31, 11, 368, 43, 53, 76, 1, -1, -1, -1
32, 3, 177, 180, 91, 126, 1, -1, -1, -1
32, 5, 232, 261, 72, 21, 1, -1, -1, -1
32, 9, 287, 194, 25, 30, 1, -1, -1, -1
32, 8, 279, 187, 23, 17, 1, -1, -1, -1
32, 7, 347, 196, 41, 80, 1, -1, -1, -1
32, 6, 317, 232, 51, 90, 1, -1, -1, -1
32, 1, 131, 248, 29, 51, 1, -1, -1, -1
32, 2, 161, 244, 27, 53, 1, -1, -1, -1
32, 4, 263, 205, 51, 104, 1, -1, -1, -1
32, 10, 369, 49, 53, 74, 1, -1, -1, -1
32, 11, 329, 0, 94, 123, 1, -1, -1, -1
33, 3, 177, 180, 91, 126, 1, -1, -1, -1
33, 5, 232, 261, 72, 21, 1, -1, -1, -1
33, 9, 287, 194, 25, 30, 1, -1, -1, -1
33, 8, 279, 187, 23, 17, 1, -1, -1, -1
33, 7, 347, 197, 41, 79, 1, -1, -1, -1
33, 6, 318, 232, 50, 90, 1, -1, -1, -1
33, 1, 131, 248, 29, 51, 1, -1, -1, -1
33, 2, 161, 244, 27, 53, 1, -1, -1, -1
33, 4, 263, 206, 50, 102, 1, -1, -1, -1
33, 10, 369, 51, 74, 76, 1, -1, -1, -1
33, 11, 326, 0, 107, 126, 1, -1, -1, -1
34, 3, 178, 180, 90, 126, 1, -1, -1, -1
34, 5, 232, 261, 72, 21, 1, -1, -1, -1
34, 9, 287, 194, 25, 30, 1, -1, -1, -1
34, 8, 279, 187, 23, 17, 1, -1, -1, -1
34, 7, 347, 196, 40, 80, 1, -1, -1, -1
34, 6, 318, 232, 50, 90, 1, -1, -1, -1
34, 1, 131, 248, 29, 51, 1, -1, -1, -1
34, 2, 161, 244, 27, 54, 1, -1, -1, -1
34, 4, 262, 206, 51, 102, 1, -1, -1, -1
34, 10, 371, 51, 71, 74, 1, -1, -1, -1
34, 11, 322, 0, 109, 124, 1, -1, -1, -1
35, 3, 178, 180, 90, 126, 1, -1, -1, -1
35, 5, 232, 261, 72, 21, 1, -1, -1, -1
35, 9, 287, 194, 25, 30, 1, -1, -1, -1
35, 8, 279, 187, 23, 17, 1, -1, -1, -1
35, 7, 347, 196, 40, 80, 1, -1, -1, -1
35, 6, 318, 232, 50, 90, 1, -1, -1, -1
35, 1, 131, 248, 29, 51, 1, -1, -1, -1
35, 2, 161, 244, 27, 53, 1, -1, -1, -1
35, 4, 262, 205, 51, 103, 1, -1, -1, -1
35, 10, 372, 49, 67, 74, 1, -1, -1, -1
35, 11, 331, 0, 102, 123, 1, -1, -1, -1
36, 3, 178, 180, 90, 126, 1, -1, -1, -1
36, 5, 232, 261, 72, 21, 1, -1, -1, -1
36, 9, 287, 194, 25, 29, 1, -1, -1, -1
36, 8, 279, 187, 23, 17, 1, -1, -1, -1
36, 7, 347, 196, 40, 80, 1, -1, -1, -1
36, 6, 317, 232, 51, 90, 1, -1, -1, -1
36, 1, 131, 248, 29, 51, 1, -1, -1, -1
36, 2, 161, 244, 28, 53, 1, -1, -1, -1
36, 4, 261, 205, 52, 103, 1, -1, -1, -1
36, 10, 370, 48, 69, 72, 1, -1, -1, -1
36, 11, 328, 0, 101, 120, 1, -1, -1, -1
37, 3, 177, 180, 91, 126, 1, -1, -1, -1
37, 5, 232, 261, 72, 21, 1, -1, -1, -1
37, 9, 287, 194, 26, 30, 1, -1, -1, -1
37, 8, 279, 187, 23, 17, 1, -1, -1, -1
37, 7, 347, 197, 40, 79, 1, -1, -1, -1
37, 6, 317, 232, 51, 90, 1, -1, -1, -1
37, 1, 131, 248, 29, 51, 1, -1, -1, -1
37, 2, 161, 244, 27, 53, 1, -1, -1, -1
37, 4, 262, 205, 51, 103, 1, -1, -1, -1
37, 10, 369, 48, 67, 70, 1, -1, -1, -1
37, 11, 327, 0, 104, 118, 1, -1, -1, -1
38, 3, 177, 180, 91, 126, 1, -1, -1, -1
38, 5, 232, 260, 73, 21, 1, -1, -1, -1
38, 9, 287, 194, 26, 30, 1, -1, -1, -1
38, 8, 279, 187, 23, 17, 1, -1, -1, -1
38, 7, 347, 197, 40, 79, 1, -1, -1, -1
38, 6, 318, 232, 50, 90, 1, -1, -1, -1
38, 1, 131, 248, 29, 51, 1, -1, -1, -1
38, 2, 161, 244, 27, 53, 1, -1, -1, -1
38, 4, 262, 205, 51, 103, 1, -1, -1, -1
38, 10, 369, 49, 67, 68, 1, -1, -1, -1
38, 11, 323, 0, 103, 116, 1, -1, -1, -1
39, 3, 177, 179, 91, 127, 1, -1, -1, -1
39, 5, 232, 261, 72, 20, 1, -1, -1, -1
39, 9, 287, 194, 25, 30, 1, -1, -1, -1
39, 8, 279, 187, 23, 17, 1, -1, -1, -1
39, 7, 346, 197, 41, 79, 1, -1, -1, -1
39, 6, 318, 232, 50, 90, 1, -1, -1, -1
39, 1, 131, 248, 29, 51, 1, -1, -1, -1
39, 2, 161, 244, 27, 53, 1, -1, -1, -1
39, 4, 262, 206, 51, 102, 1, -1, -1, -1
39, 10, 368, 50, 68, 67, 1, -1, -1, -1
39, 11, 323, 0, 98, 117, 1, -1, -1, -1
40, 3, 178, 179, 90, 127, 1, -1, -1, -1
40, 5, 232, 261, 72, 20, 1, -1, -1, -1
40, 9, 287, 194, 25, 30, 1, -1, -1, -1
40, 8, 279, 187, 23, 17, 1, -1, -1, -1
40, 7, 347, 196, 42, 79, 1, -1, -1, -1
40, 6, 318, 232, 50, 90, 1, -1, -1, -1
40, 1, 131, 248, 29, 51, 1, -1, -1, -1
40, 2, 161, 244, 27, 53, 1, -1, -1, -1
40, 4, 263, 205, 51, 104, 1, -1, -1, -1
40, 10, 366, 49, 70, 69, 1, -1, -1, -1
40, 11, 321, 0, 99, 119, 1, -1, -1, -1
41, 3, 178, 180, 90, 126, 1, -1, -1, -1
41, 5, 232, 261, 72, 20, 1, -1, -1, -1
41, 9, 287, 194, 25, 30, 1, -1, -1, -1
41, 8, 279, 186, 23, 18, 1, -1, -1, -1
41, 7, 347, 196, 42, 79, 1, -1, -1, -1
41, 6, 317, 232, 51, 90, 1, -1, -1, -1
41, 1, 131, 247, 29, 52, 1, -1, -1, -1
41, 2, 161, 244, 27, 53, 1, -1, -1, -1
41, 4, 262, 205, 51, 104, 1, -1, -1, -1
41, 10, 364, 46, 73, 71, 1, -1, -1, -1
41, 11, 326, 0, 93, 118, 1, -1, -1, -1
42, 3, 178, 180, 90, 126, 1, -1, -1, -1
42, 5, 232, 261, 72, 20, 1, -1, -1, -1
42, 9, 287, 194, 25, 30, 1, -1, -1, -1
42, 8, 279, 186, 23, 18, 1, -1, -1, -1
42, 7, 347, 197, 41, 79, 1, -1, -1, -1
42, 6, 317, 232, 51, 90, 1, -1, -1, -1
42, 1, 131, 248, 28, 51, 1, -1, -1, -1
42, 2, 161, 244, 27, 53, 1, -1, -1, -1
42, 4, 262, 205, 51, 104, 1, -1, -1, -1
42, 10, 368, 46, 65, 66, 1, -1, -1, -1
42, 11, 328, 0, 92, 112, 1, -1, -1, -1
43, 3, 177, 180, 91, 126, 1, -1, -1, -1
43, 5, 232, 261, 73, 20, 1, -1, -1, -1
43, 9, 287, 194, 25, 30, 1, -1, -1, -1
43, 8, 279, 187, 23, 17, 1, -1, -1, -1
43, 7, 347, 197, 41, 79, 1, -1, -1, -1
43, 6, 318, 232, 50, 90, 1, -1, -1, -1
43, 1, 131, 248, 28, 51, 1, -1, -1, -1
43, 2, 161, 244, 27, 53, 1, -1, -1, -1
43, 4, 262, 206, 51, 102, 1, -1, -1, -1
43, 10, 370, 47, 64, 63, 1, -1, -1, -1
43, 11, 329, 0, 85, 104, 1, -1, -1, -1
44, 3, 178, 180, 90, 126, 1, -1, -1, -1
44, 5, 232, 261, 72, 20, 1, -1, -1, -1
44, 9, 287, 194, 25, 30, 1, -1, -1, -1
44, 8, 279, 187, 23, 17, 1, -1, -1, -1
44, 7, 347, 197, 41, 79, 1, -1, -1, -1
44, 6, 318, 232, 50, 90, 1, -1, -1, -1
44, 1, 131, 248, 29, 51, 1, -1, -1, -1
44, 2, 161, 244, 27, 53, 1, -1, -1, -1
44, 4, 262, 205, 51, 103, 1, -1, -1, -1
44, 10, 370, 48, 64, 62, 1, -1, -1, -1
44, 11, 327, 0, 99, 111, 1, -1, -1, -1
45, 3, 178, 180, 90, 126, 1, -1, -1, -1
45, 5, 232, 261, 72, 20, 1, -1, -1, -1
45, 9, 287, 194, 25, 30, 1, -1, -1, -1
45, 8, 279, 187, 23, 17, 1, -1, -1, -1
45, 7, 347, 197, 41, 79, 1, -1, -1, -1
45, 6, 318, 232, 50, 90, 1, -1, -1, -1
45, 1, 131, 248, 29, 51, 1, -1, -1, -1
45, 2, 161, 244, 28, 53, 1, -1, -1, -1
45, 4, 261, 205, 51, 103, 1, -1, -1, -1
45, 10, 370, 49, 64, 63, 1, -1, -1, -1
45, 11, 326, 0, 95, 112, 1, -1, -1, -1
46, 3, 177, 180, 91, 126, 1, -1, -1, -1
46, 5, 232, 261, 72, 21, 1, -1, -1, -1
46, 9, 287, 194, 25, 30, 1, -1, -1, -1
46, 8, 279, 186, 23, 18, 1, -1, -1, -1
46, 7, 348, 196, 41, 78, 1, -1, -1, -1
46, 6, 318, 232, 50, 90, 1, -1, -1, -1
46, 1, 131, 248, 29, 51, 1, -1, -1, -1
46, 2, 161, 244, 28, 53, 1, -1, -1, -1
46, 4, 262, 205, 51, 103, 1, -1, -1, -1
46, 10, 369, 51, 66, 62, 1, -1, -1, -1
46, 11, 318, 0, 101, 112, 1, -1, -1, -1
47, 3, 177, 180, 91, 126, 1, -1, -1, -1
47, 5, 232, 261, 72, 21, 1, -1, -1, -1
47, 9, 287, 194, 25, 30, 1, -1, -1, -1
47, 8, 279, 186, 23, 18, 1, -1, -1, -1
47, 7, 348, 196, 41, 78, 1, -1, -1, -1
47, 6, 318, 232, 50, 90, 1, -1, -1, -1
47, 1, 131, 248, 29, 52, 1, -1, -1, -1
47, 2, 161, 244, 27, 53, 1, -1, -1, -1
47, 4, 262, 205, 52, 104, 1, -1, -1, -1
47, 10, 368, 53, 66, 64, 1, -1, -1, -1
47, 11, 318, 0, 111, 116, 1, -1, -1, -1
48, 3, 177, 180, 91, 126, 1, -1, -1, -1
48, 5, 232, 261, 72, 21, 1, -1, -1, -1
48, 9, 287, 194, 25, 30, 1, -1, -1, -1
48, 8, 279, 187, 23, 17, 1, -1, -1, -1
48, 7, 348, 196, 40, 80, 1, -1, -1, -1
48, 6, 318, 232, 50, 90, 1, -1, -1, -1
48, 1, 131, 248, 29, 51, 1, -1, -1, -1
48, 2, 161, 244, 28, 53, 1, -1, -1, -1
48, 4, 262, 205, 51, 103, 1, -1, -1, -1
48, 10, 368, 53, 68, 63, 1, -1, -1, -1
48, 11, 318, 0, 91, 110, 1, -1, -1, -1
49, 3, 177, 180, 91, 126, 1, -1, -1, -1
49, 5, 232, 261, 72, 21, 1, -1, -1, -1
49, 9, 287, 194, 25, 30, 1, -1, -1, -1
49, 8, 279, 187, 24, 17, 1, -1, -1, -1
49, 7, 348, 196, 40, 80, 1, -1, -1, -1
49, 6, 318, 232, 50, 90, 1, -1, -1, -1
49, 1, 131, 248, 29, 51, 1, -1, -1, -1
49, 2, 161, 244, 28, 54, 1, -1, -1, -1
49, 4, 262, 206, 51, 102, 1, -1, -1, -1
49, 10, 367, 54, 65, 62, 1, -1, -1, -1
49, 11, 317, 0, 92, 110, 1, -1, -1, -1
50, 3, 178, 180, 90, 126, 1, -1, -1, -1
50, 5, 232, 261, 73, 21, 1, -1, -1, -1
50, 9, 287, 194, 25, 30, 1, -1, -1, -1
50, 8, 279, 187, 23, 17, 1, -1, -1, -1
50, 7, 347, 197, 41, 79, 1, -1, -1, -1
50, 6, 318, 232, 50, 90, 1, -1, -1, -1
50, 1, 131, 248, 29, 51, 1, -1, -1, -1
50, 2, 161, 244, 28, 54, 1, -1, -1, -1
50, 4, 262, 206, 51, 102, 1, -1, -1, -1
50, 10, 368, 55, 63, 59, 1, -1, -1, -1
50, 11, 316, 0, 113, 112, 1, -1, -1, -1
51, 3, 177, 180, 91, 126, 1, -1, -1, -1
51, 5, 232, 261, 72, 20, 1, -1, -1, -1
51, 9, 287, 194, 26, 30, 1, -1, -1, -1
51, 8, 279, 186, 23, 18, 1, -1, -1, -1
51, 7, 347, 196, 41, 80, 1, -1, -1, -1
51, 6, 318, 232, 50, 90, 1, -1, -1, -1
51, 1, 130, 248, 29, 51, 1, -1, -1, -1
51, 2, 161, 244, 27, 53, 1, -1, -1, -1
51, 4, 261, 205, 52, 103, 1, -1, -1, -1
51, 10, 368, 55, 62, 58, 1, -1, -1, -1
51, 11, 314, 0, 115, 112, 1, -1, -1, -1
52, 3, 177, 180, 91, 126, 1, -1, -1, -1
52, 5, 232, 261, 72, 20, 1, -1, -1, -1
52, 9, 287, 194, 26, 30, 1, -1, -1, -1
52, 8, 279, 186, 23, 18, 1, -1, -1, -1
52, 7, 347, 196, 41, 80, 1, -1, -1, -1
52, 6, 317, 232, 51, 90, 1, -1, -1, -1
52, 1, 130, 248, 29, 51, 1, -1, -1, -1
52, 2, 161, 244, 28, 54, 1, -1, -1, -1
52, 4, 262, 205, 51, 103, 1, -1, -1, -1
52, 10, 368, 53, 62, 60, 1, -1, -1, -1
52, 11, 315, 0, 114, 112, 1, -1, -1, -1
53, 3, 177, 180, 91, 126, 1, -1, -1, -1
53, 5, 232, 261, 72, 20, 1, -1, -1, -1
53, 9, 287, 194, 26, 30, 1, -1, -1, -1
53, 8, 279, 186, 23, 18, 1, -1, -1, -1
53, 7, 347, 196, 41, 80, 1, -1, -1, -1
53, 6, 318, 232, 50, 90, 1, -1, -1, -1
53, 1, 131, 248, 29, 51, 1, -1, -1, -1
53, 2, 161, 244, 27, 54, 1, -1, -1, -1
53, 4, 263, 205, 51, 104, 1, -1, -1, -1
53, 10, 369, 52, 61, 60, 1, -1, -1, -1
53, 11, 318, 0, 111, 112, 1, -1, -1, -1
54, 3, 178, 180, 90, 126, 1, -1, -1, -1
54, 5, 232, 261, 72, 20, 1, -1, -1, -1
54, 9, 287, 194, 25, 30, 1, -1, -1, -1
54, 8, 279, 186, 24, 18, 1, -1, -1, -1
54, 7, 348, 196, 41, 79, 1, -1, -1, -1
54, 6, 317, 232, 51, 90, 1, -1, -1, -1
54, 1, 130, 248, 29, 51, 1, -1, -1, -1
54, 2, 161, 244, 27, 53, 1, -1, -1, -1
54, 4, 262, 205, 52, 104, 1, -1, -1, -1
54, 10, 368, 51, 62, 61, 1, -1, -1, -1
54, 11, 319, 0, 109, 112, 1, -1, -1, -1
55, 3, 178, 180, 90, 126, 1, -1, -1, -1
55, 5, 232, 261, 72, 20, 1, -1, -1, -1
55, 9, 287, 194, 25, 30, 1, -1, -1, -1
55, 8, 279, 186, 23, 18, 1, -1, -1, -1
55, 7, 347, 196, 41, 80, 1, -1, -1, -1
55, 6, 317, 232, 51, 90, 1, -1, -1, -1
55, 1, 130, 248, 29, 51, 1, -1, -1, -1
55, 2, 161, 244, 28, 54, 1, -1, -1, -1
55, 4, 262, 205, 51, 103, 1, -1, -1, -1
55, 10, 368, 50, 62, 62, 1, -1, -1, -1
55, 11, 321, 0, 108, 112, 1, -1, -1, -1
56, 3, 177, 180, 91, 126, 1, -1, -1, -1
56, 5, 232, 261, 72, 20, 1, -1, -1, -1
56, 9, 287, 194, 25, 30, 1, -1, -1, -1
56, 8, 279, 186, 23, 18, 1, -1, -1, -1
56, 7, 347, 197, 41, 79, 1, -1, -1, -1
56, 6, 317, 232, 51, 90, 1, -1, -1, -1
56, 1, 131, 248, 29, 51, 1, -1, -1, -1
56, 2, 161, 244, 28, 53, 1, -1, -1, -1
56, 4, 262, 205, 51, 103, 1, -1, -1, -1
56, 10, 367, 50, 63, 63, 1, -1, -1, -1
56, 11, 323, 0, 104, 112, 1, -1, -1, -1
57, 3, 177, 180, 91, 126, 1, -1, -1, -1
57, 5, 232, 261, 72, 20, 1, -1, -1, -1
57, 9, 287, 194, 25, 30, 1, -1, -1, -1
57, 8, 279, 185, 24, 19, 1, -1, -1, -1
57, 7, 347, 197, 41, 79, 1, -1, -1, -1
57, 6, 318, 232, 50, 90, 1, -1, -1, -1
57, 1, 131, 248, 29, 51, 1, -1, -1, -1
57, 2, 161, 244, 28, 53, 1, -1, -1, -1
57, 4, 262, 205, 51, 103, 1, -1, -1, -1
57, 10, 368, 50, 61, 62, 1, -1, -1, -1
57, 11, 325, 0, 103, 111, 1, -1, -1, -1
58, 3, 178, 180, 90, 126, 1, -1, -1, -1
58, 5, 232, 261, 72, 20, 1, -1, -1, -1
58, 9, 287, 194, 25, 30, 1, -1, -1, -1
58, 8, 279, 186, 23, 18, 1, -1, -1, -1
58, 7, 348, 196, 41, 78, 1, -1, -1, -1
58, 6, 318, 232, 50, 90, 1, -1, -1, -1
58, 1, 130, 248, 29, 51, 1, -1, -1, -1
58, 2, 161, 244, 27, 53, 1, -1, -1, -1
58, 4, 263, 205, 51, 104, 1, -1, -1, -1
58, 10, 369, 49, 59, 58, 1, -1, -1, -1
58, 11, 327, 0, 95, 106, 1, -1, -1, -1
59, 3, 178, 180, 90, 126, 1, -1, -1, -1
59, 5, 232, 261, 72, 20, 1, -1, -1, -1
59, 9, 287, 194, 25, 30, 1, -1, -1, -1
59, 8, 279, 186, 23, 18, 1, -1, -1, -1
59, 7, 347, 196, 41, 80, 1, -1, -1, -1
59, 6, 317, 232, 51, 90, 1, -1, -1, -1
59, 1, 131, 248, 29, 51, 1, -1, -1, -1
59, 2, 161, 244, 27, 53, 1, -1, -1, -1
59, 4, 262, 205, 51, 103, 1, -1, -1, -1
59, 10, 369, 47, 58, 56, 1, -1, -1, -1
59, 11, 328, 0, 98, 103, 1, -1, -1, -1
60, 3, 178, 180, 90, 126, 1, -1, -1, -1
60, 5, 232, 261, 72, 21, 1, -1, -1, -1
60, 9, 287, 194, 25, 30, 1, -1, -1, -1
60, 8, 279, 186, 23, 18, 1, -1, -1, -1
60, 7, 347, 196, 42, 80, 1, -1, -1, -1
60, 6, 317, 232, 51, 90, 1, -1, -1, -1
60, 1, 131, 248, 29, 51, 1, -1, -1, -1
60, 2, 161, 244, 27, 53, 1, -1, -1, -1
60, 4, 262, 205, 51, 103, 1, -1, -1, -1
60, 10, 369, 44, 57, 55, 1, -1, -1, -1
60, 11, 325, 0, 101, 99, 1, -1, -1, -1
