1, 12, 129, 247, 30, 54, 1, -1, -1, -1
1, 6, 389, 244, 8, 12, 1, -1, -1, -1
1, 9, 230, 265, 75, 19, 1, -1, -1, -1
1, 2, 408, 273, 10, 13, 1, -1, -1, -1
1, 7, 280, 221, 29, 57, 1, -1, -1, -1
1, 10, 176, 178, 93, 128, 1, -1, -1, -1
1, 14, 487, 301, 84, 51, 1, -1, -1, -1
1, 11, 161, 244, 27, 53, 1, -1, -1, -1
1, 3, 405, 257, 10, 14, 1, -1, -1, -1
1, 5, 391, 258, 9, 14, 1, -1, -1, -1
1, 8, 271, 193, 26, 28, 1, -1, -1, -1
1, 4, 384, 276, 15, 16, 1, -1, -1, -1
1, 13, 330, 0, 99, 107, 1, -1, -1, -1
1, 1, 433, 101, 8, 8, 1, -1, -1, -1
2, 12, 130, 248, 29, 52, 1, -1, -1, -1
2, 6, 388, 245, 10, 9, 1, -1, -1, -1
2, 9, 231, 264, 74, 20, 1, -1, -1, -1
2, 2, 408, 273, 11, 11, 1, -1, -1, -1
2, 7, 280, 222, 26, 54, 1, -1, -1, -1
2, 10, 177, 180, 91, 127, 1, -1, -1, -1
2, 14, 486, 302, 86, 51, 1, -1, -1, -1
2, 11, 161, 244, 27, 53, 1, -1, -1, -1
2, 3, 405, 257, 10, 11, 1, -1, -1, -1
2, 5, 391, 258, 9, 11, 1, -1, -1, -1
2, 8, 271, 194, 26, 27, 1, -1, -1, -1
2, 4, 383, 276, 16, 16, 1, -1, -1, -1
2, 13, 331, 0, 97, 103, 1, -1, -1, -1
2, 1, 431, 98, 8, 9, 1, -1, -1, -1
3, 12, 130, 248, 30, 52, 1, -1, -1, -1
3, 6, 389, 245, 9, 9, 1, -1, -1, -1
3, 2, 408, 273, 11, 9, 1, -1, -1, -1
3, 7, 280, 222, 28, 57, 1, -1, -1, -1
3, 10, 177, 180, 92, 127, 1, -1, -1, -1
3, 14, 486, 302, 86, 52, 1, -1, -1, -1
3, 11, 160, 244, 28, 53, 1, -1, -1, -1
3, 3, 405, 257, 10, 10, 1, -1, -1, -1
3, 5, 391, 259, 8, 10, 1, -1, -1, -1
3, 8, 271, 194, 27, 28, 1, -1, -1, -1
3, 4, 384, 276, 15, 11, 1, -1, -1, -1
3, 13, 333, 0, 99, 104, 1, -1, -1, -1
3, 1, 432, 98, 7, 8, 1, -1, -1, -1
4, 12, 131, 248, 29, 52, 1, -1, -1, -1
4, 6, 389, 245, 9, 7, 1, -1, -1, -1
4, 2, 409, 273, 9, 8, 1, -1, -1, -1
4, 14, 486, 302, 86, 52, 1, -1, -1, -1
4, 11, 160, 244, 28, 53, 1, -1, -1, -1
4, 3, 405, 257, 10, 10, 1, -1, -1, -1
4, 5, 391, 259, 8, 10, 1, -1, -1, -1
4, 8, 271, 194, 27, 28, 1, -1, -1, -1
4, 4, 384, 276, 15, 11, 1, -1, -1, -1
4, 13, 335, 2, 98, 103, 1, -1, -1, -1
4, 1, 431, 100, 8, 6, 1, -1, -1, -1
5, 12, 130, 248, 30, 52, 1, -1, -1, -1
5, 6, 389, 245, 9, 7, 1, -1, -1, -1
5, 2, 409, 272, 9, 9, 1, -1, -1, -1
5, 14, 486, 302, 86, 53, 1, -1, -1, -1
5, 11, 160, 244, 28, 54, 1, -1, -1, -1
5, 3, 405, 257, 10, 10, 1, -1, -1, -1
5, 5, 391, 259, 9, 10, 1, -1, -1, -1
5, 8, 270, 194, 27, 27, 1, -1, -1, -1
5, 4, 383, 276, 17, 16, 1, -1, -1, -1
5, 13, 335, 2, 99, 104, 1, -1, -1, -1
5, 1, 431, 100, 8, 7, 1, -1, -1, -1
6, 12, 130, 248, 30, 52, 1, -1, -1, -1
6, 6, 389, 245, 9, 7, 1, -1, -1, -1
6, 2, 408, 272, 11, 10, 1, -1, -1, -1
6, 14, 486, 302, 86, 53, 1, -1, -1, -1
6, 11, 160, 244, 28, 54, 1, -1, -1, -1
6, 3, 405, 257, 10, 10, 1, -1, -1, -1
6, 5, 391, 259, 9, 9, 1, -1, -1, -1
6, 8, 270, 194, 27, 28, 1, -1, -1, -1
6, 4, 384, 276, 15, 11, 1, -1, -1, -1
6, 13, 335, 2, 100, 104, 1, -1, -1, -1
6, 1, 431, 100, 8, 7, 1, -1, -1, -1
7, 12, 130, 248, 30, 52, 1, -1, -1, -1
7, 6, 389, 245, 9, 7, 1, -1, -1, -1
7, 2, 408, 272, 11, 10, 1, -1, -1, -1
7, 14, 486, 302, 86, 53, 1, -1, -1, -1
7, 3, 405, 257, 10, 10, 1, -1, -1, -1
7, 5, 391, 259, 9, 9, 1, -1, -1, -1
7, 8, 270, 194, 27, 28, 1, -1, -1, -1
7, 4, 384, 276, 15, 11, 1, -1, -1, -1
7, 13, 337, 5, 99, 101, 1, -1, -1, -1
7, 1, 431, 100, 8, 7, 1, -1, -1, -1
8, 12, 130, 248, 30, 52, 1, -1, -1, -1
8, 6, 389, 245, 9, 7, 1, -1, -1, -1
8, 2, 409, 273, 10, 8, 1, -1, -1, -1
8, 14, 486, 302, 86, 53, 1, -1, -1, -1
8, 3, 405, 257, 10, 10, 1, -1, -1, -1
8, 5, 390, 259, 10, 9, 1, -1, -1, -1
8, 8, 270, 194, 27, 28, 1, -1, -1, -1
8, 4, 384, 276, 15, 11, 1, -1, -1, -1
8, 13, 339, 6, 98, 101, 1, -1, -1, -1
9, 12, 130, 248, 30, 52, 1, -1, -1, -1
9, 6, 389, 245, 9, 7, 1, -1, -1, -1
9, 2, 408, 272, 11, 10, 1, -1, -1, -1
9, 14, 486, 302, 86, 54, 1, -1, -1, -1
9, 3, 405, 257, 10, 9, 1, -1, -1, -1
9, 5, 390, 259, 10, 9, 1, -1, -1, -1
9, 8, 270, 194, 27, 28, 1, -1, -1, -1
9, 4, 384, 276, 15, 11, 1, -1, -1, -1
9, 13, 340, 6, 96, 100, 1, -1, -1, -1
10, 12, 130, 248, 30, 52, 1, -1, -1, -1
10, 6, 389, 245, 8, 7, 1, -1, -1, -1
10, 2, 409, 273, 9, 8, 1, -1, -1, -1
10, 14, 486, 302, 86, 54, 1, -1, -1, -1
10, 3, 405, 257, 10, 9, 1, -1, -1, -1
10, 5, 390, 259, 10, 9, 1, -1, -1, -1
10, 8, 270, 194, 27, 28, 1, -1, -1, -1
10, 4, 384, 276, 15, 11, 1, -1, -1, -1
10, 13, 340, 6, 96, 99, 1, -1, -1, -1
11, 12, 130, 248, 30, 52, 1, -1, -1, -1
11, 6, 388, 245, 10, 9, 1, -1, -1, -1
11, 2, 409, 273, 9, 8, 1, -1, -1, -1
11, 14, 486, 302, 86, 54, 1, -1, -1, -1
11, 3, 405, 257, 10, 9, 1, -1, -1, -1
11, 5, 390, 259, 10, 9, 1, -1, -1, -1
11, 8, 270, 194, 27, 28, 1, -1, -1, -1
11, 4, 384, 276, 15, 9, 1, -1, -1, -1
11, 13, 339, 6, 97, 99, 1, -1, -1, -1
12, 12, 130, 248, 30, 52, 1, -1, -1, -1
12, 6, 388, 245, 10, 10, 1, -1, -1, -1
12, 2, 408, 272, 11, 10, 1, -1, -1, -1
12, 14, 486, 302, 86, 54, 1, -1, -1, -1
12, 3, 405, 257, 10, 9, 1, -1, -1, -1
12, 5, 390, 259, 10, 9, 1, -1, -1, -1
12, 8, 270, 194, 28, 28, 1, -1, -1, -1
12, 4, 383, 276, 16, 15, 1, -1, -1, -1
12, 13, 336, 2, 100, 102, 1, -1, -1, -1
13, 12, 131, 248, 29, 52, 1, -1, -1, -1
13, 6, 388, 245, 10, 10, 1, -1, -1, -1
13, 2, 408, 272, 11, 10, 1, -1, -1, -1
13, 14, 486, 302, 86, 53, 1, -1, -1, -1
13, 3, 405, 257, 10, 9, 1, -1, -1, -1
13, 5, 390, 259, 10, 9, 1, -1, -1, -1
13, 8, 270, 194, 27, 28, 1, -1, -1, -1
13, 4, 384, 276, 15, 8, 1, -1, -1, -1
13, 13, 336, 2, 101, 103, 1, -1, -1, -1
14, 12, 131, 248, 29, 52, 1, -1, -1, -1
14, 6, 388, 245, 10, 9, 1, -1, -1, -1
14, 2, 409, 273, 9, 8, 1, -1, -1, -1
14, 14, 486, 302, 86, 53, 1, -1, -1, -1
14, 3, 405, 257, 10, 9, 1, -1, -1, -1
14, 5, 390, 259, 11, 9, 1, -1, -1, -1
14, 8, 270, 194, 27, 28, 1, -1, -1, -1
14, 4, 384, 276, 15, 8, 1, -1, -1, -1
14, 13, 340, 4, 97, 101, 1, -1, -1, -1
15, 12, 131, 248, 29, 52, 1, -1, -1, -1
15, 6, 388, 245, 10, 10, 1, -1, -1, -1
15, 2, 408, 272, 11, 10, 1, -1, -1, -1
15, 14, 486, 302, 86, 55, 1, -1, -1, -1
15, 3, 405, 257, 10, 9, 1, -1, -1, -1
15, 5, 390, 259, 10, 10, 1, -1, -1, -1
15, 8, 270, 194, 27, 28, 1, -1, -1, -1
15, 4, 384, 276, 15, 8, 1, -1, -1, -1
15, 13, 336, 0, 101, 105, 1, -1, -1, -1
16, 12, 131, 248, 29, 52, 1, -1, -1, -1
16, 6, 388, 245, 10, 10, 1, -1, -1, -1
16, 2, 409, 273, 9, 8, 1, -1, -1, -1
16, 14, 486, 302, 86, 54, 1, -1, -1, -1
16, 3, 405, 257, 10, 9, 1, -1, -1, -1
16, 5, 390, 259, 10, 10, 1, -1, -1, -1
16, 8, 270, 194, 27, 28, 1, -1, -1, -1
16, 4, 384, 276, 15, 8, 1, -1, -1, -1
16, 13, 339, 3, 98, 102, 1, -1, -1, -1
17, 12, 131, 248, 29, 52, 1, -1, -1, -1
17, 6, 388, 245, 10, 10, 1, -1, -1, -1
17, 2, 409, 273, 9, 8, 1, -1, -1, -1
17, 14, 486, 302, 86, 55, 1, -1, -1, -1
17, 3, 405, 257, 10, 9, 1, -1, -1, -1
17, 5, 390, 259, 11, 9, 1, -1, -1, -1
17, 8, 270, 194, 27, 28, 1, -1, -1, -1
17, 4, 384, 276, 15, 9, 1, -1, -1, -1
17, 13, 337, 0, 99, 104, 1, -1, -1, -1
18, 12, 130, 248, 30, 52, 1, -1, -1, -1
18, 6, 389, 245, 9, 8, 1, -1, -1, -1
18, 2, 408, 272, 11, 10, 1, -1, -1, -1
18, 7, 280, 222, 26, 56, 1, -1, -1, -1
18, 10, 177, 180, 92, 127, 1, -1, -1, -1
18, 14, 486, 302, 86, 54, 1, -1, -1, -1
18, 3, 405, 257, 10, 9, 1, -1, -1, -1
18, 5, 390, 259, 11, 10, 1, -1, -1, -1
18, 8, 270, 194, 27, 28, 1, -1, -1, -1
18, 4, 384, 276, 15, 8, 1, -1, -1, -1
18, 13, 341, 3, 96, 102, 1, -1, -1, -1
19, 12, 130, 248, 30, 52, 1, -1, -1, -1
19, 6, 388, 245, 10, 10, 1, -1, -1, -1
19, 2, 408, 272, 11, 10, 1, -1, -1, -1
19, 14, 486, 302, 86, 55, 1, -1, -1, -1
19, 11, 160, 244, 28, 53, 1, -1, -1, -1
19, 3, 405, 257, 10, 9, 1, -1, -1, -1
19, 5, 390, 258, 11, 11, 1, -1, -1, -1
19, 8, 270, 194, 27, 28, 1, -1, -1, -1
19, 4, 384, 276, 15, 8, 1, -1, -1, -1
19, 13, 338, 0, 99, 104, 1, -1, -1, -1
20, 12, 131, 248, 29, 52, 1, -1, -1, -1
20, 6, 388, 245, 10, 10, 1, -1, -1, -1
20, 2, 408, 272, 11, 10, 1, -1, -1, -1
20, 14, 486, 302, 86, 54, 1, -1, -1, -1
20, 3, 405, 257, 10, 9, 1, -1, -1, -1
20, 5, 390, 258, 11, 11, 1, -1, -1, -1
20, 8, 270, 194, 28, 28, 1, -1, -1, -1
20, 4, 383, 276, 16, 15, 1, -1, -1, -1
20, 13, 343, 2, 94, 103, 1, -1, -1, -1
21, 12, 131, 248, 29, 52, 1, -1, -1, -1
21, 6, 388, 245, 10, 10, 1, -1, -1, -1
21, 2, 408, 272, 11, 10, 1, -1, -1, -1
21, 14, 486, 302, 86, 55, 1, -1, -1, -1
21, 3, 405, 257, 10, 9, 1, -1, -1, -1
21, 5, 390, 258, 11, 11, 1, -1, -1, -1
21, 8, 270, 194, 28, 28, 1, -1, -1, -1
21, 4, 383, 276, 16, 15, 1, -1, -1, -1
21, 13, 338, 0, 99, 105, 1, -1, -1, -1
22, 12, 131, 248, 29, 51, 1, -1, -1, -1
22, 6, 388, 245, 10, 10, 1, -1, -1, -1
22, 14, 486, 302, 86, 54, 1, -1, -1, -1
22, 3, 405, 257, 10, 9, 1, -1, -1, -1
22, 5, 390, 258, 11, 11, 1, -1, -1, -1
22, 8, 270, 194, 28, 28, 1, -1, -1, -1
22, 4, 383, 276, 17, 15, 1, -1, -1, -1
22, 13, 339, 0, 99, 105, 1, -1, -1, -1
23, 12, 131, 248, 29, 52, 1, -1, -1, -1
23, 6, 388, 244, 10, 11, 1, -1, -1, -1
23, 14, 486, 302, 86, 54, 1, -1, -1, -1
23, 3, 405, 257, 10, 9, 1, -1, -1, -1
23, 5, 390, 258, 11, 11, 1, -1, -1, -1
23, 8, 270, 194, 27, 28, 1, -1, -1, -1
23, 4, 383, 276, 16, 15, 1, -1, -1, -1
23, 13, 340, 3, 97, 102, 1, -1, -1, -1
24, 12, 131, 248, 29, 52, 1, -1, -1, -1
24, 6, 388, 245, 10, 10, 1, -1, -1, -1
24, 7, 280, 222, 26, 56, 1, -1, -1, -1
24, 14, 486, 302, 86, 54, 1, -1, -1, -1
24, 3, 405, 257, 10, 9, 1, -1, -1, -1
24, 5, 390, 259, 11, 10, 1, -1, -1, -1
24, 8, 270, 194, 27, 28, 1, -1, -1, -1
24, 4, 383, 276, 17, 15, 1, -1, -1, -1
24, 13, 337, 0, 100, 105, 1, -1, -1, -1
25, 12, 131, 248, 28, 52, 1, -1, -1, -1
25, 6, 388, 245, 10, 10, 1, -1, -1, -1
25, 14, 486, 302, 86, 54, 1, -1, -1, -1
25, 3, 405, 257, 10, 9, 1, -1, -1, -1
25, 5, 390, 258, 11, 11, 1, -1, -1, -1
25, 8, 270, 194, 27, 28, 1, -1, -1, -1
25, 4, 383, 276, 17, 15, 1, -1, -1, -1
25, 13, 342, 4, 95, 100, 1, -1, -1, -1
26, 12, 130, 248, 29, 52, 1, -1, -1, -1
26, 6, 388, 245, 10, 10, 1, -1, -1, -1
26, 14, 486, 302, 86, 55, 1, -1, -1, -1
26, 3, 405, 257, 10, 9, 1, -1, -1, -1
26, 5, 390, 258, 11, 11, 1, -1, -1, -1
26, 8, 270, 194, 28, 28, 1, -1, -1, -1
26, 13, 339, 0, 98, 104, 1, -1, -1, -1
27, 12, 131, 248, 29, 52, 1, -1, -1, -1
27, 6, 388, 245, 10, 9, 1, -1, -1, -1
27, 14, 486, 302, 86, 53, 1, -1, -1, -1
27, 3, 405, 257, 10, 8, 1, -1, -1, -1
27, 5, 390, 258, 11, 11, 1, -1, -1, -1
27, 8, 270, 194, 28, 28, 1, -1, -1, -1
27, 13, 341, 2, 96, 102, 1, -1, -1, -1
28, 12, 131, 248, 29, 51, 1, -1, -1, -1
28, 6, 388, 245, 10, 9, 1, -1, -1, -1
28, 14, 486, 302, 86, 53, 1, -1, -1, -1
28, 3, 405, 257, 10, 8, 1, -1, -1, -1
28, 5, 390, 258, 11, 11, 1, -1, -1, -1
28, 8, 270, 194, 28, 28, 1, -1, -1, -1
28, 13, 338, 0, 99, 104, 1, -1, -1, -1
29, 12, 131, 248, 29, 52, 1, -1, -1, -1
29, 6, 388, 245, 10, 9, 1, -1, -1, -1
29, 14, 486, 302, 86, 53, 1, -1, -1, -1
29, 3, 405, 257, 10, 8, 1, -1, -1, -1
29, 5, 390, 258, 11, 11, 1, -1, -1, -1
29, 8, 270, 194, 28, 28, 1, -1, -1, -1
29, 13, 341, 3, 96, 101, 1, -1, -1, -1
30, 12, 131, 248, 29, 52, 1, -1, -1, -1
30, 6, 388, 245, 10, 9, 1, -1, -1, -1
30, 14, 486, 302, 86, 54, 1, -1, -1, -1
30, 3, 405, 257, 10, 9, 1, -1, -1, -1
30, 5, 390, 258, 11, 11, 1, -1, -1, -1
30, 8, 270, 194, 27, 28, 1, -1, -1, -1
30, 13, 342, 4, 95, 100, 1, -1, -1, -1
31, 12, 131, 248, 28, 52, 1, -1, -1, -1
31, 6, 388, 245, 10, 9, 1, -1, -1, -1
31, 14, 486, 302, 86, 53, 1, -1, -1, -1
31, 3, 405, 257, 10, 9, 1, -1, -1, -1
31, 5, 390, 258, 11, 11, 1, -1, -1, -1
31, 8, 270, 194, 28, 28, 1, -1, -1, -1
31, 13, 341, 5, 95, 101, 1, -1, -1, -1
32, 12, 131, 248, 28, 51, 1, -1, -1, -1
32, 6, 388, 245, 10, 9, 1, -1, -1, -1
32, 14, 486, 302, 86, 54, 1, -1, -1, -1
32, 3, 405, 257, 10, 8, 1, -1, -1, -1
32, 5, 390, 258, 12, 11, 1, -1, -1, -1
32, 8, 270, 194, 28, 28, 1, -1, -1, -1
32, 13, 344, 5, 92, 101, 1, -1, -1, -1
33, 12, 130, 248, 29, 52, 1, -1, -1, -1
33, 6, 388, 244, 10, 10, 1, -1, -1, -1
33, 14, 486, 302, 86, 55, 1, -1, -1, -1
33, 3, 405, 257, 10, 9, 1, -1, -1, -1
33, 5, 390, 258, 12, 11, 1, -1, -1, -1
33, 8, 270, 194, 28, 28, 1, -1, -1, -1
33, 13, 343, 6, 94, 104, 1, -1, -1, -1
34, 12, 130, 248, 30, 52, 1, -1, -1, -1
34, 6, 388, 244, 10, 10, 1, -1, -1, -1
34, 7, 280, 221, 19, 41, 1, -1, -1, -1
34, 10, 177, 180, 91, 127, 1, -1, -1, -1
34, 14, 486, 302, 86, 55, 1, -1, -1, -1
34, 3, 405, 257, 10, 8, 1, -1, -1, -1
34, 5, 390, 258, 12, 11, 1, -1, -1, -1
34, 8, 270, 194, 28, 28, 1, -1, -1, -1
34, 13, 341, 5, 97, 104, 1, -1, -1, -1
35, 12, 131, 248, 28, 52, 1, -1, -1, -1
35, 6, 388, 245, 10, 9, 1, -1, -1, -1
35, 14, 486, 302, 86, 55, 1, -1, -1, -1
35, 11, 161, 244, 27, 53, 1, -1, -1, -1
35, 3, 405, 257, 10, 9, 1, -1, -1, -1
35, 5, 390, 258, 12, 11, 1, -1, -1, -1
35, 8, 270, 194, 28, 28, 1, -1, -1, -1
35, 13, 341, 4, 97, 107, 1, -1, -1, -1
36, 12, 131, 248, 29, 52, 1, -1, -1, -1
36, 6, 388, 244, 10, 10, 1, -1, -1, -1
36, 14, 486, 302, 86, 55, 1, -1, -1, -1
36, 3, 405, 257, 10, 9, 1, -1, -1, -1
36, 5, 390, 258, 13, 11, 1, -1, -1, -1
36, 8, 270, 194, 28, 28, 1, -1, -1, -1
36, 13, 342, 5, 96, 104, 1, -1, -1, -1
37, 12, 131, 248, 28, 52, 1, -1, -1, -1
37, 6, 388, 245, 10, 10, 1, -1, -1, -1
37, 2, 408, 273, 11, 10, 1, -1, -1, -1
37, 14, 486, 302, 86, 56, 1, -1, -1, -1
37, 3, 405, 257, 10, 9, 1, -1, -1, -1
37, 5, 390, 258, 13, 11, 1, -1, -1, -1
37, 8, 270, 194, 28, 28, 1, -1, -1, -1
37, 13, 345, 5, 93, 104, 1, -1, -1, -1
38, 12, 130, 248, 29, 51, 1, -1, -1, -1
38, 6, 388, 245, 10, 10, 1, -1, -1, -1
38, 14, 486, 302, 86, 55, 1, -1, -1, -1
38, 3, 405, 257, 10, 9, 1, -1, -1, -1
38, 8, 270, 194, 28, 28, 1, -1, -1, -1
38, 4, 383, 276, 16, 16, 1, -1, -1, -1
38, 13, 344, 5, 95, 105, 1, -1, -1, -1
39, 12, 131, 248, 29, 52, 1, -1, -1, -1
39, 6, 388, 245, 10, 9, 1, -1, -1, -1
39, 14, 486, 302, 86, 55, 1, -1, -1, -1
39, 3, 405, 257, 10, 9, 1, -1, -1, -1
39, 8, 270, 194, 28, 28, 1, -1, -1, -1
39, 4, 384, 276, 15, 16, 1, -1, -1, -1
39, 13, 343, 4, 95, 105, 1, -1, -1, -1
40, 12, 131, 248, 29, 52, 1, -1, -1, -1
40, 6, 388, 245, 10, 10, 1, -1, -1, -1
40, 14, 486, 302, 86, 55, 1, -1, -1, -1
40, 3, 405, 257, 10, 9, 1, -1, -1, -1
40, 8, 270, 194, 28, 28, 1, -1, -1, -1
40, 13, 344, 4, 94, 104, 1, -1, -1, -1
41, 12, 131, 248, 29, 52, 1, -1, -1, -1
41, 6, 388, 244, 10, 10, 1, -1, -1, -1
41, 14, 486, 302, 86, 55, 1, -1, -1, -1
41, 3, 405, 257, 10, 8, 1, -1, -1, -1
41, 8, 270, 194, 28, 28, 1, -1, -1, -1
41, 13, 340, 2, 97, 106, 1, -1, -1, -1
42, 12, 130, 248, 30, 52, 1, -1, -1, -1
42, 6, 388, 245, 10, 9, 1, -1, -1, -1
42, 2, 408, 273, 11, 10, 1, -1, -1, -1
42, 7, 280, 221, 19, 41, 1, -1, -1, -1
42, 14, 486, 302, 86, 56, 1, -1, -1, -1
42, 3, 405, 257, 10, 9, 1, -1, -1, -1
42, 8, 270, 194, 28, 28, 1, -1, -1, -1
42, 4, 385, 276, 14, 11, 1, -1, -1, -1
42, 13, 340, 1, 98, 107, 1, -1, -1, -1
43, 12, 130, 248, 30, 52, 1, -1, -1, -1
43, 6, 388, 245, 10, 10, 1, -1, -1, -1
43, 14, 486, 302, 86, 55, 1, -1, -1, -1
43, 3, 405, 257, 10, 9, 1, -1, -1, -1
43, 8, 270, 194, 28, 28, 1, -1, -1, -1
43, 13, 341, 3, 96, 105, 1, -1, -1, -1
44, 12, 130, 248, 29, 52, 1, -1, -1, -1
44, 6, 388, 245, 10, 10, 1, -1, -1, -1
44, 14, 486, 302, 86, 55, 1, -1, -1, -1
44, 3, 405, 257, 10, 9, 1, -1, -1, -1
44, 8, 270, 194, 28, 28, 1, -1, -1, -1
44, 13, 344, 5, 94, 103, 1, -1, -1, -1
45, 12, 130, 248, 29, 51, 1, -1, -1, -1
45, 6, 388, 245, 10, 10, 1, -1, -1, -1
45, 14, 486, 302, 86, 57, 1, -1, -1, -1
45, 3, 405, 257, 10, 9, 1, -1, -1, -1
45, 8, 270, 194, 28, 28, 1, -1, -1, -1
45, 4, 383, 276, 16, 16, 1, -1, -1, -1
45, 13, 345, 5, 93, 103, 1, -1, -1, -1
46, 12, 130, 248, 29, 51, 1, -1, -1, -1
46, 6, 388, 244, 10, 10, 1, -1, -1, -1
46, 14, 486, 302, 86, 56, 1, -1, -1, -1
46, 3, 405, 257, 10, 9, 1, -1, -1, -1
46, 8, 270, 194, 28, 28, 1, -1, -1, -1
46, 4, 383, 276, 16, 15, 1, -1, -1, -1
46, 13, 345, 6, 92, 105, 1, -1, -1, -1
47, 12, 131, 248, 29, 51, 1, -1, -1, -1
47, 6, 388, 244, 10, 11, 1, -1, -1, -1
47, 14, 486, 302, 86, 55, 1, -1, -1, -1
47, 3, 405, 257, 10, 9, 1, -1, -1, -1
47, 8, 270, 194, 28, 28, 1, -1, -1, -1
47, 4, 383, 276, 16, 15, 1, -1, -1, -1
47, 13, 344, 8, 94, 104, 1, -1, -1, -1
47, 1, 432, 97, 10, 9, 1, -1, -1, -1
48, 12, 131, 248, 29, 51, 1, -1, -1, -1
48, 6, 388, 244, 10, 11, 1, -1, -1, -1
48, 14, 486, 302, 86, 54, 1, -1, -1, -1
48, 3, 405, 257, 10, 9, 1, -1, -1, -1
48, 5, 390, 258, 12, 10, 1, -1, -1, -1
48, 8, 270, 194, 28, 29, 1, -1, -1, -1
48, 4, 383, 276, 17, 15, 1, -1, -1, -1
48, 13, 344, 6, 92, 105, 1, -1, -1, -1
48, 1, 432, 98, 11, 8, 1, -1, -1, -1
49, 12, 130, 248, 29, 52, 1, -1, -1, -1
49, 6, 388, 244, 10, 10, 1, -1, -1, -1
49, 2, 408, 273, 11, 9, 1, -1, -1, -1
49, 14, 486, 302, 86, 55, 1, -1, -1, -1
49, 3, 405, 257, 10, 9, 1, -1, -1, -1
49, 5, 390, 258, 12, 11, 1, -1, -1, -1
49, 8, 270, 194, 27, 28, 1, -1, -1, -1
49, 4, 384, 276, 15, 11, 1, -1, -1, -1
49, 13, 342, 6, 97, 106, 1, -1, -1, -1
49, 1, 434, 98, 9, 9, 1, -1, -1, -1
50, 12, 131, 248, 28, 52, 1, -1, -1, -1
50, 6, 388, 244, 10, 10, 1, -1, -1, -1
50, 2, 408, 273, 11, 9, 1, -1, -1, -1
50, 7, 280, 221, 19, 42, 1, -1, -1, -1
50, 10, 177, 179, 91, 128, 1, -1, -1, -1
50, 14, 486, 302, 86, 59, 1, -1, -1, -1
50, 3, 405, 257, 10, 9, 1, -1, -1, -1
50, 5, 390, 258, 12, 11, 1, -1, -1, -1
50, 8, 270, 194, 27, 28, 1, -1, -1, -1
50, 4, 384, 276, 16, 16, 1, -1, -1, -1
50, 13, 339, 2, 100, 109, 1, -1, -1, -1
50, 1, 434, 98, 10, 8, 1, -1, -1, -1
51, 12, 131, 248, 28, 52, 1, -1, -1, -1
51, 6, 388, 245, 10, 9, 1, -1, -1, -1
51, 14, 486, 302, 86, 59, 1, -1, -1, -1
51, 11, 161, 244, 27, 53, 1, -1, -1, -1
51, 3, 405, 257, 10, 8, 1, -1, -1, -1
51, 5, 390, 258, 11, 11, 1, -1, -1, -1
51, 8, 270, 194, 27, 28, 1, -1, -1, -1
51, 4, 384, 276, 15, 8, 1, -1, -1, -1
51, 13, 343, 5, 96, 107, 1, -1, -1, -1
51, 1, 433, 98, 11, 8, 1, -1, -1, -1
52, 12, 131, 248, 28, 51, 1, -1, -1, -1
52, 6, 388, 245, 10, 9, 1, -1, -1, -1
52, 14, 486, 302, 86, 59, 1, -1, -1, -1
52, 3, 405, 257, 10, 8, 1, -1, -1, -1
52, 5, 390, 258, 11, 11, 1, -1, -1, -1
52, 8, 270, 194, 27, 28, 1, -1, -1, -1
52, 4, 384, 276, 15, 8, 1, -1, -1, -1
52, 13, 345, 5, 94, 107, 1, -1, -1, -1
52, 1, 433, 97, 11, 8, 1, -1, -1, -1
53, 12, 131, 248, 29, 51, 1, -1, -1, -1
53, 6, 388, 245, 10, 9, 1, -1, -1, -1
53, 14, 486, 302, 86, 59, 1, -1, -1, -1
53, 3, 405, 257, 10, 9, 1, -1, -1, -1
53, 5, 390, 258, 11, 11, 1, -1, -1, -1
53, 8, 270, 194, 27, 28, 1, -1, -1, -1
53, 4, 384, 276, 15, 11, 1, -1, -1, -1
53, 13, 345, 6, 94, 104, 1, -1, -1, -1
53, 1, 434, 97, 11, 7, 1, -1, -1, -1
54, 12, 131, 248, 28, 52, 1, -1, -1, -1
54, 6, 388, 245, 10, 10, 1, -1, -1, -1
54, 14, 486, 302, 85, 51, 1, -1, -1, -1
54, 3, 405, 257, 10, 9, 1, -1, -1, -1
54, 5, 390, 258, 11, 11, 1, -1, -1, -1
54, 8, 270, 194, 27, 28, 1, -1, -1, -1
54, 4, 384, 276, 15, 9, 1, -1, -1, -1
54, 13, 346, 6, 92, 103, 1, -1, -1, -1
54, 1, 433, 97, 12, 9, 1, -1, -1, -1
55, 12, 131, 248, 29, 51, 1, -1, -1, -1
55, 6, 388, 245, 10, 9, 1, -1, -1, -1
55, 14, 486, 302, 85, 51, 1, -1, -1, -1
55, 3, 405, 257, 10, 8, 1, -1, -1, -1
55, 5, 390, 258, 11, 11, 1, -1, -1, -1
55, 8, 270, 194, 27, 28, 1, -1, -1, -1
55, 13, 346, 6, 92, 104, 1, -1, -1, -1
55, 1, 433, 98, 12, 8, 1, -1, -1, -1
56, 12, 131, 248, 29, 52, 1, -1, -1, -1
56, 6, 388, 245, 10, 10, 1, -1, -1, -1
56, 14, 486, 302, 86, 55, 1, -1, -1, -1
56, 3, 405, 257, 10, 9, 1, -1, -1, -1
56, 5, 390, 258, 11, 11, 1, -1, -1, -1
56, 8, 270, 194, 27, 28, 1, -1, -1, -1
56, 13, 346, 7, 92, 104, 1, -1, -1, -1
56, 1, 433, 97, 11, 9, 1, -1, -1, -1
57, 12, 130, 248, 29, 52, 1, -1, -1, -1
57, 6, 388, 245, 10, 9, 1, -1, -1, -1
57, 14, 486, 302, 86, 59, 1, -1, -1, -1
57, 3, 405, 257, 10, 9, 1, -1, -1, -1
57, 5, 390, 258, 11, 11, 1, -1, -1, -1
57, 8, 270, 194, 27, 29, 1, -1, -1, -1
57, 13, 338, 2, 101, 110, 1, -1, -1, -1
57, 1, 432, 97, 12, 9, 1, -1, -1, -1
58, 12, 130, 248, 30, 52, 1, -1, -1, -1
58, 6, 388, 245, 10, 9, 1, -1, -1, -1
58, 14, 486, 302, 86, 57, 1, -1, -1, -1
58, 3, 405, 257, 10, 9, 1, -1, -1, -1
58, 5, 390, 258, 11, 11, 1, -1, -1, -1
58, 8, 270, 194, 27, 29, 1, -1, -1, -1
58, 13, 338, 2, 101, 110, 1, -1, -1, -1
58, 1, 432, 97, 12, 9, 1, -1, -1, -1
59, 12, 131, 248, 28, 52, 1, -1, -1, -1
59, 6, 388, 244, 10, 10, 1, -1, -1, -1
59, 7, 280, 221, 27, 58, 1, -1, -1, -1
59, 14, 486, 302, 86, 55, 1, -1, -1, -1
59, 11, 161, 244, 27, 53, 1, -1, -1, -1
59, 3, 405, 257, 10, 9, 1, -1, -1, -1
59, 5, 390, 258, 11, 11, 1, -1, -1, -1
59, 8, 270, 194, 27, 29, 1, -1, -1, -1
59, 13, 342, 5, 97, 106, 1, -1, -1, -1
59, 1, 433, 97, 11, 9, 1, -1, -1, -1
60, 12, 130, 248, 29, 52, 1, -1, -1, -1
60, 6, 388, 244, 10, 10, 1, -1, -1, -1
60, 14, 486, 302, 86, 55, 1, -1, -1, -1
60, 3, 405, 257, 10, 9, 1, -1, -1, -1
60, 5, 390, 258, 11, 11, 1, -1, -1, -1
60, 8, 270, 194, 27, 28, 1, -1, -1, -1
60, 13, 345, 5, 94, 106, 1, -1, -1, -1
60, 1, 433, 98, 12, 8, 1, -1, -1, -1
61, 12, 131, 248, 28, 52, 1, -1, -1, -1
61, 6, 388, 245, 10, 9, 1, -1, -1, -1
61, 14, 486, 302, 86, 55, 1, -1, -1, -1
61, 3, 405, 257, 10, 8, 1, -1, -1, -1
61, 5, 390, 258, 11, 11, 1, -1, -1, -1
61, 8, 270, 194, 28, 28, 1, -1, -1, -1
61, 13, 348, 5, 91, 105, 1, -1, -1, -1
61, 1, 435, 98, 10, 8, 1, -1, -1, -1
62, 12, 131, 248, 29, 52, 1, -1, -1, -1
62, 6, 388, 245, 10, 9, 1, -1, -1, -1
62, 14, 486, 302, 86, 57, 1, -1, -1, -1
62, 3, 405, 257, 10, 8, 1, -1, -1, -1
62, 5, 390, 258, 11, 11, 1, -1, -1, -1
62, 8, 270, 194, 28, 28, 1, -1, -1, -1
62, 13, 348, 5, 90, 106, 1, -1, -1, -1
62, 1, 434, 98, 11, 8, 1, -1, -1, -1
63, 12, 131, 248, 28, 52, 1, -1, -1, -1
63, 6, 388, 245, 10, 9, 1, -1, -1, -1
63, 14, 486, 302, 86, 55, 1, -1, -1, -1
63, 3, 405, 257, 10, 9, 1, -1, -1, -1
63, 5, 390, 258, 12, 11, 1, -1, -1, -1
63, 8, 270, 194, 27, 28, 1, -1, -1, -1
63, 13, 347, 6, 92, 107, 1, -1, -1, -1
63, 1, 434, 97, 11, 11, 1, -1, -1, -1
64, 12, 130, 248, 29, 52, 1, -1, -1, -1
64, 6, 388, 245, 10, 9, 1, -1, -1, -1
64, 14, 486, 302, 86, 55, 1, -1, -1, -1
64, 3, 405, 257, 10, 8, 1, -1, -1, -1
64, 5, 390, 258, 12, 11, 1, -1, -1, -1
64, 8, 270, 194, 28, 28, 1, -1, -1, -1
64, 13, 337, 0, 78, 98, 1, -1, -1, -1
64, 1, 436, 104, 12, 11, 1, -1, -1, -1
65, 12, 130, 248, 30, 52, 1, -1, -1, -1
65, 6, 388, 245, 10, 9, 1, -1, -1, -1
65, 14, 486, 302, 86, 53, 1, -1, -1, -1
65, 3, 405, 257, 10, 9, 1, -1, -1, -1
65, 8, 270, 194, 28, 28, 1, -1, -1, -1
65, 4, 385, 276, 14, 9, 1, -1, -1, -1
65, 13, 336, 15, 17, 88, 1, -1, -1, -1
65, 1, 448, 141, 11, 18, 1, -1, -1, -1
66, 12, 130, 248, 30, 52, 1, -1, -1, -1
66, 6, 388, 244, 10, 10, 1, -1, -1, -1
66, 2, 408, 272, 11, 12, 1, -1, -1, -1
66, 10, 177, 180, 92, 127, 1, -1, -1, -1
66, 14, 486, 302, 86, 54, 1, -1, -1, -1
66, 3, 405, 257, 10, 8, 1, -1, -1, -1
66, 8, 270, 194, 28, 28, 1, -1, -1, -1
66, 13, 269, 0, 66, 126, 1, -1, -1, -1
66, 1, 457, 158, 11, 12, 1, -1, -1, -1
66, 16, 276, 0, 67, 113, 1, -1, -1, -1
67, 12, 131, 248, 29, 51, 1, -1, -1, -1
67, 6, 388, 245, 10, 9, 1, -1, -1, -1
67, 14, 486, 302, 86, 55, 1, -1, -1, -1
67, 11, 161, 244, 27, 53, 1, -1, -1, -1
67, 3, 405, 257, 10, 9, 1, -1, -1, -1
67, 8, 270, 194, 28, 28, 1, -1, -1, -1
67, 13, 240, 0, 64, 167, 1, -1, -1, -1
67, 1, 468, 166, 11, 11, 1, -1, -1, -1
67, 16, 241, 6, 63, 151, 1, -1, -1, -1
68, 12, 131, 248, 28, 52, 1, -1, -1, -1
68, 6, 388, 245, 10, 9, 1, -1, -1, -1
68, 14, 486, 302, 86, 54, 1, -1, -1, -1
68, 3, 405, 257, 10, 8, 1, -1, -1, -1
68, 8, 270, 194, 28, 28, 1, -1, -1, -1
68, 13, 296, 0, 60, 131, 1, -1, -1, -1
68, 1, 457, 193, 11, 13, 1, -1, -1, -1
68, 16, 296, 0, 63, 131, 1, -1, -1, -1
69, 12, 131, 248, 28, 52, 1, -1, -1, -1
69, 6, 388, 245, 10, 8, 1, -1, -1, -1
69, 9, 231, 265, 75, 19, 1, -1, -1, -1
69, 14, 486, 302, 86, 56, 1, -1, -1, -1
69, 3, 405, 257, 10, 9, 1, -1, -1, -1
69, 8, 270, 194, 28, 29, 1, -1, -1, -1
69, 13, 336, 63, 103, 126, 1, -1, -1, -1
69, 1, 429, 232, 11, 13, 1, -1, -1, -1
69, 16, 336, 63, 103, 122, 1, -1, -1, -1
70, 12, 131, 248, 28, 52, 1, -1, -1, -1
70, 6, 423, 244, 9, 14, 1, -1, -1, -1
70, 2, 408, 272, 15, 13, 1, -1, -1, -1
70, 14, 486, 302, 86, 57, 1, -1, -1, -1
70, 3, 405, 257, 10, 9, 1, -1, -1, -1
70, 8, 270, 194, 28, 29, 1, -1, -1, -1
70, 4, 385, 276, 14, 8, 1, -1, -1, -1
70, 13, 374, 143, 105, 93, 1, -1, -1, -1
70, 1, 423, 244, 9, 14, 1, -1, -1, -1
70, 16, 374, 173, 67, 63, 1, -1, -1, -1
71, 12, 131, 248, 29, 51, 1, -1, -1, -1
71, 6, 388, 245, 10, 9, 1, -1, -1, -1
71, 7, 280, 222, 27, 57, 1, -1, -1, -1
71, 14, 486, 302, 86, 55, 1, -1, -1, -1
71, 3, 405, 257, 10, 9, 1, -1, -1, -1
71, 8, 270, 194, 28, 29, 1, -1, -1, -1
71, 13, 373, 198, 101, 40, 1, -1, -1, -1
71, 1, 422, 254, 9, 15, 1, -1, -1, -1
71, 16, 373, 198, 101, 40, 1, -1, -1, -1
72, 12, 131, 248, 29, 52, 1, -1, -1, -1
72, 14, 486, 302, 86, 58, 1, -1, -1, -1
72, 3, 405, 257, 11, 9, 1, -1, -1, -1
72, 8, 270, 194, 28, 29, 1, -1, -1, -1
72, 13, 376, 224, 85, 21, 1, -1, -1, -1
72, 1, 418, 261, 11, 12, 1, -1, -1, -1
72, 16, 377, 224, 84, 22, 1, -1, -1, -1
73, 12, 131, 248, 28, 52, 1, -1, -1, -1
73, 14, 486, 302, 86, 59, 1, -1, -1, -1
73, 3, 406, 257, 10, 9, 1, -1, -1, -1
73, 8, 270, 195, 28, 28, 1, -1, -1, -1
73, 13, 371, 201, 70, 45, 1, -1, -1, -1
73, 1, 419, 264, 11, 8, 1, -1, -1, -1
73, 16, 377, 231, 84, 69, 1, -1, -1, -1
74, 12, 130, 248, 29, 52, 1, -1, -1, -1
74, 14, 486, 302, 86, 59, 1, -1, -1, -1
74, 3, 406, 257, 10, 8, 1, -1, -1, -1
74, 8, 270, 195, 29, 28, 1, -1, -1, -1
74, 1, 417, 263, 12, 9, 1, -1, -1, -1
74, 16, 381, 231, 69, 69, 1, -1, -1, -1
75, 12, 130, 248, 29, 52, 1, -1, -1, -1
75, 14, 486, 302, 86, 59, 1, -1, -1, -1
75, 3, 405, 257, 11, 8, 1, -1, -1, -1
75, 8, 270, 195, 28, 27, 1, -1, -1, -1
75, 1, 419, 264, 9, 7, 1, -1, -1, -1
76, 12, 130, 248, 29, 52, 1, -1, -1, -1
76, 14, 486, 302, 86, 60, 1, -1, -1, -1
76, 3, 405, 257, 11, 8, 1, -1, -1, -1
76, 8, 270, 195, 29, 27, 1, -1, -1, -1
76, 1, 418, 264, 11, 8, 1, -1, -1, -1
76, 16, 301, 219, 27, 14, 1, -1, -1, -1
77, 12, 130, 248, 30, 52, 1, -1, -1, -1
77, 14, 486, 302, 86, 60, 1, -1, -1, -1
77, 3, 405, 257, 11, 8, 1, -1, -1, -1
77, 8, 270, 195, 29, 27, 1, -1, -1, -1
77, 1, 418, 264, 12, 8, 1, -1, -1, -1
77, 16, 275, 166, 25, 29, 1, -1, -1, -1
78, 16, 302, 171, 55, 18, 1, -1, -1, -1
79, 12, 130, 248, 30, 52, 1, -1, -1, -1
79, 14, 486, 302, 86, 60, 1, -1, -1, -1
79, 8, 271, 194, 27, 28, 1, -1, -1, -1
79, 13, 249, 98, 136, 43, 1, -1, -1, -1
79, 1, 419, 264, 9, 7, 1, -1, -1, -1
79, 16, 249, 105, 139, 35, 1, -1, -1, -1
80, 12, 130, 248, 29, 52, 1, -1, -1, -1
80, 14, 486, 302, 86, 59, 1, -1, -1, -1
80, 8, 270, 194, 29, 28, 1, -1, -1, -1
80, 13, 255, 42, 136, 54, 1, -1, -1, -1
80, 1, 418, 264, 13, 10, 1, -1, -1, -1
80, 16, 257, 43, 134, 53, 1, -1, -1, -1
81, 12, 130, 248, 30, 52, 1, -1, -1, -1
81, 14, 486, 302, 86, 52, 1, -1, -1, -1
81, 8, 270, 194, 28, 28, 1, -1, -1, -1
81, 13, 300, 26, 58, 111, 1, -1, -1, -1
81, 1, 419, 264, 12, 10, 1, -1, -1, -1
81, 16, 301, 25, 57, 112, 1, -1, -1, -1
82, 12, 130, 248, 30, 52, 1, -1, -1, -1
82, 10, 177, 180, 91, 127, 1, -1, -1, -1
82, 14, 486, 302, 86, 59, 1, -1, -1, -1
82, 8, 270, 195, 29, 27, 1, -1, -1, -1
82, 13, 316, 17, 43, 135, 1, -1, -1, -1
82, 1, 418, 264, 13, 10, 1, -1, -1, -1
82, 16, 314, 17, 44, 135, 1, -1, -1, -1
83, 12, 130, 248, 30, 52, 1, -1, -1, -1
83, 14, 486, 302, 86, 58, 1, -1, -1, -1
83, 11, 161, 244, 27, 53, 1, -1, -1, -1
83, 8, 270, 195, 29, 27, 1, -1, -1, -1
83, 13, 317, 9, 28, 129, 1, -1, -1, -1
83, 1, 418, 265, 14, 10, 1, -1, -1, -1
83, 16, 317, 8, 28, 129, 1, -1, -1, -1
84, 12, 130, 248, 30, 52, 1, -1, -1, -1
84, 14, 486, 302, 86, 56, 1, -1, -1, -1
84, 8, 271, 194, 29, 28, 1, -1, -1, -1
84, 13, 316, 17, 26, 121, 1, -1, -1, -1
84, 1, 418, 265, 13, 9, 1, -1, -1, -1
84, 16, 315, 17, 27, 121, 1, -1, -1, -1
85, 12, 131, 248, 29, 52, 1, -1, -1, -1
85, 14, 486, 302, 86, 52, 1, -1, -1, -1
85, 8, 271, 194, 29, 28, 1, -1, -1, -1
85, 13, 300, 39, 28, 94, 1, -1, -1, -1
85, 16, 301, 38, 27, 94, 1, -1, -1, -1
86, 12, 131, 248, 28, 51, 1, -1, -1, -1
86, 14, 486, 302, 86, 51, 1, -1, -1, -1
86, 8, 271, 194, 29, 28, 1, -1, -1, -1
86, 13, 297, 45, 26, 90, 1, -1, -1, -1
86, 16, 297, 45, 28, 90, 1, -1, -1, -1
87, 12, 131, 248, 29, 52, 1, -1, -1, -1
87, 7, 280, 221, 23, 51, 1, -1, -1, -1
87, 14, 486, 302, 86, 55, 1, -1, -1, -1
87, 8, 271, 194, 29, 29, 1, -1, -1, -1
87, 13, 297, 44, 24, 93, 1, -1, -1, -1
87, 16, 298, 44, 26, 93, 1, -1, -1, -1
88, 12, 131, 248, 29, 52, 1, -1, -1, -1
88, 14, 486, 302, 86, 51, 1, -1, -1, -1
88, 13, 296, 47, 27, 89, 1, -1, -1, -1
88, 16, 296, 47, 28, 89, 1, -1, -1, -1
89, 12, 130, 248, 30, 52, 1, -1, -1, -1
89, 14, 486, 302, 86, 56, 1, -1, -1, -1
89, 13, 294, 49, 28, 88, 1, -1, -1, -1
89, 16, 293, 49, 30, 88, 1, -1, -1, -1
90, 12, 131, 248, 29, 52, 1, -1, -1, -1
90, 14, 486, 302, 86, 55, 1, -1, -1, -1
90, 11, 161, 244, 27, 53, 1, -1, -1, -1
90, 13, 293, 48, 28, 88, 1, -1, -1, -1
90, 16, 292, 48, 30, 88, 1, -1, -1, -1
